5470
3867
5620
1107
5829
5862
6414
4621
9604
7394
5031
2553
5619
617
2937
8471
5924
9370
3865
6850
9841
5728
4148
8035
3671
2130
9187
6148
7571
2222
4097
386
70
7762
652
4530
4591
2397
4351
152
793
1644
8868
5167
5085
4095
9594
6363
1441
2986
5981
3996
851
4643
1682
7642
1923
6734
9407
5093
6043
7218
8515
9497
2082
7757
4761
6969
4699
6424
2200
9572
4373
8668
7607
8833
3729
7858
3814
8910
6350
628
6361
6878
7845
5662
3843
6145
4830
9455
741
3463
1990
4973
1482
7378
2480
1815
8235
6704
2486
3143
6019
1391
1198
5840
436
5531
4345
2566
5215
2538
5800
6781
6070
1333
90
1952
3304
3764
551
2330
4093
4686
5314
5724
5847
4529
597
6383
693
8508
9429
1974
8155
2072
5626
3355
9310
6901
4883
8151
4159
8336
9037
5214
5971
4546
8572
1213
1183
1886
1662
7266
5147
2447
2662
7210
779
801
634
2217
4205
5268
7076
7600
4609
6980
6578
9605
8598
2956
5313
5095
9613
1104
3817
6562
7182
8081
493
3741
528
4271
2399
6548
4089
8247
180
746
641
3042
960
863
1963
3599
8195
6304
7771
7552
8275
7724
1576
5790
879
9908
9677
7533
9610
6571
658
2101
4524
9967
8073
5375
69
8320
1563
740
8043
5072
446
967
4919
2232
6486
6368
9134
2617
4627
2636
1849
8844
2215
2366
4055
2825
2098
2411
7824
4882
7048
7638
356
3839
6626
1190
2186
353
1816
9999
4771
9479
3055
5453
6521
1837
8929
9411
535
8069
1180
1950
3454
5530
4489
9643
7114
6683
4849
2051
1743
2576
8382
916
6720
1548
8418
1435
4773
2860
9812
259
5625
5739
7480
2093
6553
6152
7992
4897
5220
7581
6006
2540
59
8892
6875
5454
9675
8968
7039
4722
8297
4854
2360
5887
9215
9145
7850
8309
1901
5309
5150
9557
282
1049
4841
1470
4509
9793
6284
2443
1569
8131
3088
4450
800
4025
9266
6567
3084
5877
7593
9151
2734
6981
8544
6598
8893
7198
1947
9243
2690
7163
4388
8685
2856
6587
3837
4332
8853
9377
1098
2416
5279
8147
2716
9588
5455
6099
6453
4394
6257
6999
7580
6753
2554
3784
6663
8534
4610
1014
5409
6649
4538
7339
6824
837
5892
4908
3840
2614
631
5839
3914
9265
9298
9301
4186
1819
4589
7786
4302
1561
4169
8089
752
9019
6701
3536
1616
9766
4449
6337
2997
448
3568
6377
547
2265
2786
6281
7503
5354
4406
1969
8303
2901
4036
9139
5300
7871
299
85
1593
6645
5557
1050
9591
9748
7902
74
4199
8576
5611
3716
1717
6306
6334
3017
7156
6668
6990
6542
1132
9746
4264
9008
1930
7635
2692
654
2543
6931
4650
4442
3179
5970
9516
1495
8520
3624
1130
1184
1397
5426
5863
3548
7453
9672
9113
2058
6244
4669
9399
1011
7504
6418
7524
848
1113
6860
2344
5240
2803
1192
715
445
2618
3312
5871
6945
7821
2053
4409
8859
9533
124
3326
2776
8189
7951
2981
4942
3206
7505
4032
7519
2374
1103
1209
6308
3172
9000
3186
1003
9274
9962
2309
4540
7782
9529
1922
7104
1675
3967
4517
503
3564
6840
8013
2534
6938
150
5368
691
9483
4350
2580
738
1416
2068
3927
1484
4717
8448
8357
6253
9712
1745
6020
8876
2946
7837
2625
581
2489
3074
7303
1936
2363
5293
8288
5462
2019
4666
382
2134
9454
6512
9001
2342
5851
2175
4335
5945
473
4755
7609
4158
4359
1102
3573
8631
6356
562
8503
974
711
532
9330
6535
7630
2208
6476
4130
6706
8549
3646
7049
4378
8519
2491
6756
2673
7268
5254
1477
3666
3450
7283
7089
5039
7342
4898
7663
4791
5545
9931
3177
4428
7000
326
3810
9670
1179
9880
751
5880
3819
6928
8510
1488
9233
9638
1741
1921
4563
7894
1390
9247
2025
8105
1614
1999
937
3610
3333
7730
1072
4995
1472
216
8302
8370
9104
6653
4395
3592
3169
3851
2224
958
8930
5910
8882
8242
5479
6925
739
8371
6950
4636
4389
6324
7645
9586
3343
2409
9356
9679
909
2765
2652
9397
6150
4901
7082
852
9988
1580
8850
1345
9448
5070
1026
5736
4051
2858
4760
1522
6815
6052
7207
8414
2812
2936
1935
9309
1262
8828
5430
2753
689
4822
186
8878
4365
4559
5940
9826
9855
4728
8531
5493
6978
1087
5684
7970
6373
7932
3407
1611
4685
2435
2529
7623
2227
7425
3607
4142
821
8983
1944
9844
2337
8747
1858
7244
9147
9715
9241
568
1877
4863
6868
6588
7101
251
5084
781
6093
8366
3690
1064
1456
6339
2687
8792
8016
992
6678
3199
6034
3673
4682
5821
1517
2426
7563
3990
4836
9283
9641
6640
292
4232
2834
6718
5873
8608
7994
5731
8535
1759
95
6755
2293
2332
4512
832
2854
4220
4902
3614
4858
9351
7913
3449
694
5900
5355
8050
2720
8673
403
5759
7557
4775
8658
49
1142
990
5421
1773
3348
4236
890
9904
2634
4653
8001
3696
8096
4316
4547
3630
5432
970
8788
7648
3691
1672
377
8933
7134
9621
4963
8306
9159
6746
4959
4580
4809
1995
785
5723
42
6723
8046
6779
4989
5712
1878
9472
1516
4374
2773
1509
6288
4299
9522
1861
7128
5200
1780
3520
8659
6068
6924
9360
5149
7729
7033
5205
2010
3473
6071
6126
3959
9611
2990
5852
2417
168
2027
7336
5013
4229
4323
3785
964
7649
6674
295
6088
3994
8959
6993
6576
8179
4313
2311
671
587
2844
8504
2155
8843
5306
9410
7034
5499
2506
1747
241
6471
6647
132
2231
9324
795
8476
5710
296
2831
9022
2704
2924
242
2929
7978
3508
6964
1118
4156
1340
9473
7572
5830
7707
2448
3559
6158
7216
2263
3030
4780
8571
1851
1111
8378
3462
3126
177
7500
2335
560
2798
5410
3090
2326
2993
8108
4514
955
3225
7776
6265
2877
1460
1094
9100
3426
5917
4927
4521
9664
8379
1153
2230
2418
7401
4553
4371
344
5274
243
9269
648
1556
3114
7093
1714
2333
5298
4194
5998
8911
8905
14
9437
3110
8779
7302
7172
5906
6984
1326
4386
2193
3101
5230
5129
853
6162
1195
7209
1621
6196
6630
805
2522
4597
6697
2445
8958
1804
3642
6778
8849
4375
475
9634
2694
6586
3591
2744
1882
2631
3681
6690
8220
2182
2059
5294
6841
5868
2496
5444
4361
1590
1367
770
2892
4724
184
4508
4670
9120
827
521
7045
5122
1393
7204
5849
370
4962
4241
910
1631
1753
3197
7945
5336
9622
4403
3675
1127
2401
33
7605
5198
6813
8699
713
1081
9863
6473
4470
7475
3349
3492
2562
1788
7230
2894
5377
5725
3139
7627
2896
6679
3663
1382
7066
1579
7016
7661
6602
6983
6960
9972
9671
7861
1341
2276
4461
6160
2141
384
5543
5580
3142
7157
7807
2859
4497
4088
9155
9020
2648
3063
2044
5571
3119
7014
9337
4173
3991
7710
3121
4602
8770
8152
7835
8818
712
374
8442
7714
9560
3735
9653
1775
5553
8430
1600
2985
9189
3702
398
6790
1298
1501
9813
252
357
2325
8734
6301
1210
5445
7573
4434
2211
556
5977
2598
3972
1139
8173
415
2041
1853
4190
7493
6903
6707
3540
2188
9838
5720
6895
1932
3998
7497
8354
3373
9681
6303
4680
7392
9445
9544
684
864
5791
2697
7199
7300
7758
2121
501
7718
7501
966
2177
4788
3986
1448
1908
3805
4551
255
4300
8838
1845
4370
1551
9950
2973
3285
91
1809
1652
3749
7723
7434
8880
3466
1212
3648
9674
153
3175
6807
8998
9313
9449
9335
5439
9828
6994
7624
2749
3506
2014
5099
9786
1797
6177
9304
2961
6682
73
3912
7109
9957
2923
1596
9989
9462
3115
8228
9188
5886
5698
9743
6482
722
5769
8577
6656
850
8633
530
4160
6780
9688
5848
7774
2106
7470
784
1986
7226
6105
3134
2233
997
5315
7317
6933
2095
342
2661
77
7869
683
9858
6689
4387
4476
1546
4225
5387
591
6125
9123
733
6510
7719
7910
6309
3031
7878
4787
9697
9501
8739
8963
8130
9627
7306
5872
254
3353
9064
4227
7340
6752
1100
3253
3664
3930
1796
9129
3087
1937
9506
7166
3185
813
1567
8987
8922
1689
1204
3684
8086
3693
4125
5779
187
7020
5089
8724
4878
3010
3877
9527
7773
5594
236
368
6276
2804
8785
7777
2184
8315
8634
6194
7884
1860
4253
420
1830
882
9142
4259
9353
6601
7639
3782
6805
9607
6967
4745
7611
228
1855
9968
3224
5098
2703
6817
3057
4243
5119
9776
4217
8047
2842
5570
8249
5509
5461
6530
1843
140
2718
1713
4337
9652
9763
7490
5991
3910
7174
9030
2951
1222
8100
3491
1571
5860
2817
9562
4582
7872
1874
7194
3629
5930
4826
5452
6128
7124
1475
698
9418
6655
9924
8348
2805
3419
1235
6027
5159
2513
3625
3425
1899
6419
6466
7334
783
6170
5111
6263
7324
4307
7054
4667
6365
5953
5951
1602
1430
8169
5836
661
4242
8540
2584
7682
7725
2511
6297
2358
2065
9375
1987
6092
9275
8593
1339
6739
331
3208
3641
3857
9745
6205
7219
224
744
6130
179
9345
378
9800
543
4590
2356
280
871
6520
3594
7676
3354
2154
7351
8665
6298
5162
8292
5781
4014
6254
5078
9678
2250
433
7404
7517
1965
7923
810
1016
5403
6480
3060
8537
5704
5151
4560
3271
895
4426
3183
9385
2726
1734
4802
2750
2389
1315
5601
6326
5169
3293
8867
7756
8946
2657
4141
1668
3493
5073
4226
3708
1997
7455
8966
3255
3960
5056
6428
8113
7706
7587
8489
7683
3014
4059
2294
6009
274
6710
7142
5709
1424
1112
6519
4132
4676
9559
6462
392
213
9684
4041
6442
7513
6532
4601
9504
423
1876
3292
157
2830
5437
2959
4191
6992
9112
1934
9342
9992
6063
7981
3123
2376
9279
8097
2161
1029
463
8107
2871
5550
7017
692
1850
246
7362
2081
5289
5716
1335
956
6727
7511
5797
700
3776
66
7440
2219
306
9069
402
7140
3580
824
7063
4028
2150
5612
3717
4269
6300
394
5397
3920
83
6186
5128
9569
2862
158
776
3071
5051
8524
5371
4907
352
2179
8950
9252
3159
940
9185
9862
5542
4329
7763
5668
2861
2449
5124
9277
3443
6007
7389
5521
2454
4482
4425
9994
7460
3111
2103
4057
8234
8527
8890
5081
1177
7217
202
8802
3184
6399
4641
3037
2126
9059
536
1532
3302
6773
1679
596
8030
8224
4393
598
9550
5473
9349
3092
917
5961
5544
7783
1967
5269
4478
1755
8809
9995
5726
31
3916
5161
4392
5992
385
8695
1702
106
6657
4987
9859
9732
4750
6014
7920
4417
8857
7610
9438
5281
5692
9073
7430
449
2050
2306
2331
8202
1983
4615
3094
366
9834
2588
6702
1372
9620
9156
6522
5016
5510
1980
9785
4500
6869
116
8871
8703
3098
9644
7003
5252
7538
7152
5189
4556
3314
4732
2822
1148
7658
3146
1039
2047
5139
7512
8759
7176
2322
7959
9029
7525
2034
5337
290
8516
6968
258
6616
6558
4084
8390
1619
2783
8462
1742
3064
5636
1991
1771
1730
8500
7494
1595
4839
9425
2381
5446
944
5276
3550
7233
6989
8184
6637
8806
4004
1301
1875
3273
2746
4348
8842
8855
2157
8416
164
1641
1226
2739
2641
2402
4572
9694
5179
2530
2546
3504
5808
9444
704
4501
507
6716
6742
1274
4525
7991
5912
8796
8374
6189
6030
620
2492
3992
4424
5609
2967
6642
1649
4759
4868
9852
1637
4940
5117
9223
8124
3532
4137
9753
5730
176
8109
9043
8429
6096
6929
1053
6087
5578
2769
9546
3924
4502
6658
5372
2771
1694
316
1457
407
6149
3740
6081
936
5474
4768
9295
1916
4612
5955
4758
1141
2338
335
4183
8393
5195
7133
408
1542
1695
5312
4892
8702
9340
6293
6979
7790
1415
2195
3695
8250
2608
685
9991
3704
9
709
679
846
2507
8522
8550
1722
4505
146
4720
5919
3678
3804
2911
537
9169
5631
3124
6055
840
3650
459
4943
7961
1620
2794
4873
3363
9648
380
1233
7665
8657
9742
1309
5025
3612
3427
6832
2998
5715
1794
3527
8257
838
1468
1381
1962
5719
3323
1387
5045
6118
969
9289
4628
3661
5244
6168
4675
257
6483
7647
7626
1709
6192
5978
9683
7554
1605
7766
8997
5102
4069
7329
674
2880
6537
1891
7752
3439
9168
6395
3821
2823
7898
5690
5494
8018
9367
8488
3562
5896
8991
9171
6687
4681
8281
2600
1239
4926
8679
3053
9815
9404
7551
4519
2711
2285
6028
1115
1536
8062
9891
6242
2666
1164
4654
1628
4570
7059
4705
3400
6784
8274
4616
4840
1648
659
9319
1634
1221
743
1434
3514
6666
7259
4935
9096
9302
9990
8300
2006
8864
4821
4733
3816
108
4899
5784
7275
9272
1888
3767
6139
339
2707
5593
3203
8619
379
6279
1443
1966
1760
686
1313
1973
9072
2537
6429
3634
2015
7588
7056
2091
976
533
4917
80
6397
3863
619
8756
5305
2796
8764
8353
3096
320
2581
7685
5183
3584
4684
1251
7427
1748
7319
1654
923
7314
6583
7628
7119
2497
5562
2818
5394
8404
1555
195
4619
136
5532
7536
3918
9512
7476
5262
8738
2585
6032
8026
9619
7155
7855
311
5740
4275
5135
963
2922
7612
7634
82
7426
5284
1185
3319
8639
2234
2503
4330
3067
53
6829
1403
2668
92
3653
2304
6127
8585
3553
4338
3981
7202
9095
7015
178
4440
1052
9225
3503
4421
3588
7798
4507
2424
6490
8851
7693
9102
5952
2826
9459
7053
427
8312
3846
8188
1466
4994
9997
1290
3980
489
8433
774
1848
3521
4486
2028
2702
5525
3824
7597
6930
7507
5943
676
8523
6729
1977
3417
502
1256
3257
6858
3579
5947
663
9974
4778
3894
701
9731
3756
4435
5321
5810
2220
3045
4754
675
6078
9500
7416
2638
2422
9929
735
5592
5959
6498
7072
7608
7358
8974
5146
7848
8917
9078
4218
1554
477
2181
4981
1864
3771
9268
9961
7195
2949
391
5030
476
4075
1523
7993
896
3522
9705
8071
8040
2908
3468
1453
7947
249
518
2948
5717
9885
71
6255
660
1968
5653
2535
1723
3201
9091
8126
8953
5881
817
2479
8403
5373
5819
7344
2162
7770
4659
7400
2586
8331
1948
6089
2793
773
1507
2135
406
6525
6457
987
9616
6673
6629
7793
5768
1395
4396
6794
6693
8978
902
8114
3288
3694
7566
7939
3567
8231
9210
4390
833
9409
4445
736
9602
1365
2594
8543
5751
5466
4632
4709
978
8826
995
3214
452
7349
4408
3530
7220
9925
8680
3416
3844
9278
5843
9640
4731
1015
4523
4282
9696
1949
8251
2382
7356
5713
7270
1324
7254
3003
4687
9318
3596
9412
7409
3633
2868
2464
4144
975
755
4655
9984
7547
1249
6310
7568
1895
5272
3469
3797
9714
337
1727
2931
1439
3325
281
625
3050
8263
1803
81
3899
4200
3931
7091
2035
1577
1667
6074
8881
714
1168
9882
8419
8707
4630
6209
8356
9874
3290
2194
345
2218
8358
5088
8168
5875
5448
9107
6449
9775
603
2592
4221
3481
4776
2318
8180
5201
9306
6600
2564
6154
5942
592
4793
1080
7145
4272
2419
5707
4010
5338
5465
1787
6764
6962
3428
5308
4625
860
571
2226
3154
8139
1821
332
103
7373
4102
6757
1241
5202
2375
9493
466
8205
9427
7764
7734
9975
9896
2018
5688
5170
8087
303
87
7590
7126
8223
8556
4464
5858
7436
2127
8389
706
8386
8920
6227
6069
9433
3826
6327
1736
317
9405
1423
9232
4881
3260
3800
9708
5092
7689
2899
9026
2994
9553
5811
428
6892
1883
210
5649
804
527
7731
1175
3023
6876
7989
4795
541
3007
7987
3571
2085
5946
1109
5825
8772
7834
131
9979
3483
9494
3631
699
7998
8144
6539
8415
7977
5168
267
5614
3901
9202
2639
3802
4178
5468
6747
3056
868
6696
8449
1455
2914
6039
4001
361
6500
8737
8487
4649
5533
1144
8514
7402
2004
6767
471
9833
9431
4487
8832
839
3130
6230
5814
8629
1057
3181
8165
1122
7318
7720
1564
4119
7252
3235
7711
6982
8149
2270
3617
3205
8485
7952
3108
7660
9944
3979
2216
957
117
8726
3021
4564
8914
1660
495
1828
4319
8574
6132
6853
9822
3955
7253
2394
3176
4593
7322
9666
2146
6045
1306
5004
171
4983
6329
3809
5606
1836
8384
3949
3478
8342
5551
4427
6555
2917
8039
8467
3577
7102
8636
9953
4510
3072
971
37
763
7817
9952
1972
3774
6905
9074
9861
7767
8264
9092
9788
6859
6061
6894
4312
6804
6942
5929
6108
100
8464
6758
7129
6144
2846
5628
1450
7703
4790
1840
7815
9935
8262
5651
6846
2593
6879
6370
1622
5595
7616
749
4711
4054
5793
7196
1295
8898
4131
748
6608
5411
6322
4212
1154
63
3132
5958
112
4824
5647
8807
268
7940
4585
6910
5120
3394
4782
9355
8919
86
7691
4026
3405
1838
6025
6730
35
2156
22
9262
8112
1119
9876
6604
3766
7311
3460
4914
6064
2650
1581
4133
1346
5384
1203
321
5464
7518
1737
7379
7331
7655
525
8143
9842
6357
3191
4201
8545
5641
5236
3268
4945
8326
4869
3754
7853
6560
5438
7843
5324
3639
5442
9661
5605
9354
8006
6211
7058
9933
2187
1666
2351
5567
7414
9434
2519
640
2736
4383
729
9667
165
5210
718
5440
4303
9249
9423
3008
1273
9257
2866
3799
1768
6659
7594
3222
5776
6381
3216
4657
4347
2280
6101
6285
5265
5598
3948
7999
5041
4438
4446
769
3569
5101
2647
4176
7036
6772
2396
2591
680
8725
6179
3486
7047
9305
4231
6305
2421
3565
4626
9400
4290
3502
9956
5316
2833
1603
5325
8895
6904
5664
7464
5581
5137
4848
8475
8091
9873
9469
5560
6857
2876
4567
3834
1537
369
1764
5587
4349
9570
3997
1178
8221
4185
5053
6774
5954
4845
8396
8902
3413
7171
8879
1970
3095
4362
6245
4322
5831
7113
725
1979
9338
6596
8135
6554
9538
5374
7899
7260
1292
8862
8254
9942
8498
8207
8727
9284
2778
6140
1766
980
8045
8530
7095
9719
9406
979
732
2056
4571
669
1083
6246
7681
381
4637
3103
6082
9267
8990
5441
9322
5447
2465
972
9082
9214
6341
6493
6183
3615
3878
3218
7792
1270
6825
6750
1156
1915
3906
4113
2405
9521
9887
6592
645
8533
3068
3668
4346
8938
5888
9505
7909
8401
5273
922
3122
6
9216
903
3941
1152
2514
6854
3429
9460
61
7936
322
401
9784
6454
8362
7659
8590
1449
5536
1762
1283
1856
1827
4030
4115
8445
4094
7656
1549
2565
1854
8328
4214
7604
3249
6268
9894
6340
8344
284
2754
9450
3073
162
1656
4544
9669
6416
143
6691
3561
2384
9172
5123
5775
3350
7944
9966
1989
2168
5342
6425
5722
3386
4746
1473
4498
496
4577
690
8110
4292
3231
147
3339
3345
6740
6411
6084
2984
1943
9478
6543
2423
1269
7187
9528
6077
913
4766
5866
9087
1744
1871
2659
1708
8650
6745
4456
8031
9042
4747
1920
2481
1181
8642
8736
4662
8435
6472
809
539
4293
6839
8048
2775
7457
4090
3344
1866
7906
2766
514
2074
9755
4870
7596
3174
9388
1187
6095
9941
677
5539
1697
8744
9584
347
9477
1629
8637
4939
3375
8444
155
5
2045
8042
3193
5412
4671
2681
4193
8128
4294
9589
8618
4352
3760
6996
15
2595
4149
7818
7357
993
1547
7827
618
130
8682
5405
5226
2571
8992
8592
1036
3987
2741
7328
4603
7514
9751
3495
30
2579
8090
6529
9068
8972
2108
6474
8507
721
1319
3952
6504
9577
5511
4623
4992
2225
3995
4110
6207
1746
3655
5134
4249
1873
4918
8686
205
7980
1332
9207
2357
8749
435
885
6338
1159
3002
4664
858
4969
4767
6382
5984
8457
3024
485
7900
4536
8960
6423
6267
914
6765
8025
3125
3395
1674
2875
7227
3792
6396
8852
7153
3351
4984
3657
2474
5138
492
7447
5524
27
3104
7018
1091
8245
2172
3272
5534
7298
3750
6438
7531
2982
2509
247
4367
8011
1160
5733
6951
1897
9547
9311
5398
7200
567
8213
5837
9474
7437
2457
3482
3310
5482
3583
5297
7046
1893
6726
9758
3220
2174
869
5799
7341
2158
8068
7917
6518
4749
6017
6669
6387
7553
7346
2706
4811
1604
3012
7969
6581
4343
8861
9218
7197
5296
4596
2012
3755
9736
6667
1362
5110
1070
5019
9183
1946
3245
3366
291
6800
7657
2308
8942
5383
2932
2207
9954
5935
6316
3266
2295
4230
2145
207
3964
6057
478
6721
8913
7245
2909
6129
8211
6098
7732
1140
263
8178
531
6459
9744
465
3798
5044
629
9109
6648
6777
1234
10
8889
1149
426
1007
3332
7180
1758
5635
6233
285
4967
7238
1998
8955
2759
2122
3968
4823
4765
9830
1975
4974
2952
5845
7100
1896
4210
9508
4422
8127
573
7295
6299
9928
8074
946
5928
2456
269
4844
6973
1033
8896
5699
9630
2742
3880
5607
9608
7754
3479
8233
9160
4146
3359
1230
9028
3346
7035
6597
8473
9767
4786
7080
6198
7751
4234
7629
2272
1765
7370
188
3384
4071
6318
2551
411
3284
8019
3926
7247
7965
8678
7237
3455
6219
1665
9186
7562
9662
1312
3480
3357
8820
7380
4702
3786
7534
4779
7667
998
7972
2527
5260
4757
8118
1019
1078
8528
5366
8666
6575
1022
578
1193
3099
9798
2743
6965
6497
1684
214
2349
829
8810
4157
730
4820
3600
951
1084
1279
9509
1692
3299
2808
6312
5934
639
5638
6218
4799
4073
7441
5758
7958
9260
7575
667
9430
1500
3005
6932
8568
8869
3294
8982
5187
2813
4112
6822
2185
483
4533
884
3331
2563
6506
4120
298
5449
4923
2878
4020
8057
9017
1696
1225
4861
8261
4783
7842
1881
6097
2367
8478
7022
2380
8586
1822
5209
4948
6565
898
3534
7922
6738
915
40
7846
8949
8824
4532
3891
141
935
696
2425
8954
8360
5105
4638
4539
9346
2359
98
425
6292
4588
2752
5841
6259
9258
107
3544
4079
3781
5890
1061
3703
3337
7540
9003
7164
8480
4155
5381
6040
9009
5299
6712
2751
6171
1598
5743
2261
4085
9771
2653
6487
9583
3649
9639
6037
9227
6262
4376
7377
934
5087
6315
7876
2484
3283
7445
5589
7823
5968
3165
3392
4189
2260
7386
1900
4997
11
3242
2266
6053
7603
4339
6347
3338
3818
7125
3213
3011
4988
6138
310
7001
7081
8078
5115
1559
6830
6348
4068
8819
7248
7679
1630
8204
454
3836
4444
5911
6991
1392
8886
945
8962
6579
350
8501
2406
7641
4147
1661
4413
4091
8270
4549
5706
3022
6047
196
7839
3942
8007
6146
762
3061
6810
6173
6237
9303
5834
9658
3248
9456
2816
4372
8088
2298
1578
7502
309
6566
849
7287
7449
6801
5757
8646
8076
2890
6808
2052
6812
1790
8627
1076
5785
3342
9088
7175
8346
3247
7422
5926
4127
3742
9047
9617
1388
2683
9148
9209
3983
55
2528
4031
9628
8794
9143
6652
6060
7943
1366
1316
9099
9181
4145
9081
9587
2829
2950
6926
4890
2117
4859
4999
1038
8330
3261
8611
9435
181
3313
8051
4631
1046
5865
4581
4443
1524
2930
4506
1712
4528
8957
6311
6913
3645
7893
8654
9737
7117
859
6974
8423
9625
3674
5378
6505
8023
2228
5997
8712
7269
8601
3155
9911
657
1917
1097
6559
9868
3644
9499
8661
866
4608
7411
5813
3328
4462
7221
7669
1793
7481
7038
7267
2802
3595
6517
6111
1912
6572
1786
4005
6489
9869
2582
6202
2881
9576
4
4600
3097
6378
8383
9152
1906
1452
4117
2400
9321
5285
244
3609
7892
9364
2259
1082
6359
3281
2472
8778
2988
7223
9884
8750
8532
1839
3221
5850
8021
6221
5318
7849
8466
4894
3399
9204
222
3945
4808
3683
5835
6811
6335
7160
5001
2133
8065
9245
8687
8767
2655
1420
3368
9545
8015
8976
9970
2526
8451
8923
5359
9642
5080
1705
7971
2341
672
1752
2578
4138
4737
7243
1373
133
1216
8323
2541
7844
4116
6670
7278
7957
8186
9799
687
8373
2245
900
6556
2262
8624
9741
6073
5563
7466
9811
3724
3687
9823
8150
9539
3973
3422
3773
6971
3759
3403
7159
6639
9555
1047
9883
5261
2918
1639
3921
3613
9581
4070
330
745
3162
7050
4423
142
5931
1379
4262
5475
4488
5764
8610
7203
1624
1093
897
6091
3820
3904
5540
7372
5017
5904
8714
5630
2278
7413
9358
4866
6010
6206
4455
6788
9857
2258
5024
6918
4459
8058
9663
8811
2009
8038
1105
5050
6680
5591
6585
582
2705
5771
8675
9849
6509
9710
1331
4800
8218
1735
9481
5203
4634
6675
94
8227
7408
7463
8115
45
5164
7739
513
444
1663
5505
134
2864
3244
8335
6200
717
2024
4407
4177
9122
8171
9514
3372
7796
3188
4493
6172
2229
2387
2167
2925
7099
9606
8995
126
3204
1499
4479
5467
8649
1126
5340
7444
3501
7907
3601
646
5458
5015
7929
144
3761
509
3947
7927
2916
3727
1347
5212
7680
3616
2845
4661
6065
7374
1673
2061
2473
1354
6360
1492
6314
6923
2408
2604
3156
3109
4011
229
8101
9948
6761
4008
9239
9393
3336
5527
516
167
553
3000
2471
1483
5256
4429
5826
1751
9382
2898
8428
3083
2268
6135
1940
1572
4204
5009
8964
1664
3089
6688
9934
5633
6741
550
9840
1733
5022
7027
6115
6113
7365
5083
7498
7010
6220
6165
5082
453
9632
6223
600
1114
606
6622
8581
9567
9315
3586
5745
6662
419
8676
2410
9532
1267
8017
2248
6818
4604
952
7241
2656
3080
3854
812
5263
271
4622
5645
8198
3379
9829
9752
7292
3352
4287
6677
7205
8093
8587
2888
830
515
6524
3915
6184
2940
3643
4379
595
7866
9582
8372
9196
5094
9921
5097
4801
9468
4237
5788
8225
9320
5994
2814
5681
1767
968
2221
2719
2235
5423
4951
5674
1626
2824
4993
1918
6153
6768
9288
7877
4851
2559
9053
9396
9850
4331
6247
5301
6886
2756
7052
3149
9471
2109
1371
6949
4490
3131
7088
9426
8321
1001
3739
5096
8512
50
8319
8521
5216
5165
9790
7323
8884
5317
409
7646
8716
8684
4188
893
2583
9205
815
5291
947
1502
9802
4164
942
4803
2841
8776
287
3453
7368
8377
6409
3038
474
7867
2904
9910
5801
4410
9845
358
3714
9038
9234
5184
8580
5573
8847
9486
2460
8236
8436
3029
6236
6625
3330
6947
2762
1147
7865
1718
3320
7284
362
9024
5487
4665
3112
7700
7728
8002
6603
6463
6959
8825
2120
3934
7747
2296
2353
148
3311
9359
6238
8670
7651
2852
3780
110
5588
8996
1101
8936
9716
6015
961
5406
9810
2556
7272
431
5889
8840
227
3150
2153
5029
4526
4727
7138
8780
2953
5121
7578
8620
3526
1171
2033
9048
7841
3831
6607
8459
7875
7882
5197
2223
5021
2011
1938
1782
4611
2458
6343
7768
4027
4404
7556
1135
5204
3079
4448
4154
2132
4342
9686
7105
1817
2297
9380
8872
1857
3928
4108
7420
2136
8241
2140
4044
101
6797
9960
5666
286
324
6783
4180
6516
5795
9691
2678
949
3494
1237
6870
6460
8791
4941
5079
5761
5323
4814
608
5132
5143
4123
1202
9795
9707
565
8422
1485
5643
1491
5938
5893
635
5922
2832
1513
3956
6970
5010
5882
6307
7938
5925
8874
3665
2099
4986
8621
5443
1645
611
3291
491
5711
1073
1623
1359
4306
2651
2379
2839
7412
5382
272
6261
8952
1378
9165
7067
7234
6770
9646
6426
6911
5623
4697
9033
7146
4239
4958
5341
9264
9801
7387
927
5634
9770
4806
6871
9476
1778
3472
8148
1174
3461
7721
681
4391
7973
1220
4834
3
8677
5993
8595
9595
7908
7158
5280
8652
5391
2570
8560
4496
3946
5239
7838
7801
6228
1242
6873
367
2573
9769
2247
719
2870
3410
682
1811
338
2654
9888
3539
7535
3811
363
2385
7132
3116
2928
8757
6849
387
626
3226
7539
5807
8830
1531
9597
1374
3628
7294
9747
3549
6369
4328
5023
5853
4052
8083
8337
5857
911
6589
9296
4635
6441
2476
8299
1304
6243
605
9463
1869
7214
1165
3637
7678
1552
1143
2689
705
7832
9909
5950
5792
9336
5350
7451
1518
6958
1278
3303
7139
5695
1194
2069
7442
9837
115
9230
6628
9299
137
2119
921
9777
3238
9993
8294
2944
6109
6085
8329
1199
9441
985
9117
5644
7239
2328
1444
333
6386
2671
41
4023
8395
2062
6049
9720
8701
375
1285
9002
9540
5617
1913
4712
5895
959
2475
6036
5828
2542
624
9175
319
1956
3318
6197
622
8943
8758
2138
9018
2469
6217
1685
8455
4047
3853
7785
9981
9039
1138
3971
5932
8837
7905
5798
505
1299
151
3907
8640
9706
1173
9363
8921
9371
4764
2643
341
6248
5133
5485
9334
4794
5590
6614
4029
5206
7930
6563
1370
1676
4977
7107
8800
6258
1833
5290
2787
2088
1618
2695
2415
9344
2320
825
3566
8028
5640
2107
7335
7096
3513
1408
4192
4356
7542
7831
5349
9738
4495
6936
3656
3686
7144
8033
5737
5160
7804
9237
6446
2
5155
5100
7577
1574
5683
2729
8934
6176
6848
1487
5535
9964
5691
3993
4853
877
9369
2699
9565
119
3593
9350
8965
9256
1377
4900
8084
6083
1774
5750
6713
2548
7040
7185
7469
1812
1825
7150
1731
5933
7738
5353
6865
6021
8072
1358
7620
1976
2042
1128
9520
2972
7759
9757
604
9676
6952
4729
26
8662
6627
7644
2550
7717
7446
7264
8751
1832
2674
4033
2459
6131
7806
410
5537
9721
5538
2605
2453
5177
798
5057
2075
1063
6838
3961
8548
273
1318
5259
1205
3190
5003
4334
5980
484
3823
9007
6256
9718
842
2708
5343
2434
4494
7688
5303
6641
6018
3937
2685
9442
796
7643
336
2552
4740
5495
9238
5507
644
5234
8123
5822
4416
580
7761
4022
4324
7041
3572
7712
2361
7231
2071
7532
759
7520
4296
1442
8187
5417
7179
7279
2315
4017
4566
524
9986
4658
5043
4063
9870
2907
8681
6760
928
8412
4990
434
6748
2828
5884
2386
3082
7813
8210
2092
988
4128
9312
1375
395
5090
5152
2203
2977
497
2343
797
2495
7814
2398
6705
9190
3516
3371
6541
6274
2837
1489
6239
6798
6155
7810
78
3870
8286
1429
7775
3239
4956
2517
5419
1286
1904
2646
2477
1067
7112
9197
5347
1351
8491
2698
7874
4267
4534
3411
2031
3276
1693
4065
6169
8244
9730
8316
3046
4317
4114
6484
7687
1643
5985
4358
6283
8801
3496
9726
5637
2054
2873
9006
6988
4855
4703
6491
3763
1707
1494
5670
4179
7111
2264
3932
929
4895
7467
3475
4078
6660
4985
8827
4252
7984
585
2299
3228
7235
9138
3602
8573
820
4937
7405
8907
323
3195
4016
7934
2835
1678
5249
1409
3458
1867
3236
4972
3070
9578
3746
9561
3387
39
5390
2721
6264
1498
7622
4805
3720
5069
3905
1530
7075
4437
5258
5528
5616
4568
4360
462
8720
1090
542
2557
441
2428
7963
586
5334
7381
346
8053
7912
3622
6110
170
612
8252
2180
7236
6116
9808
7043
405
7668
9760
3787
9914
5549
1800
1835
2048
5328
16
278
5610
1715
1557
3198
413
6353
2159
1418
9903
7879
5661
1056
9543
6451
6900
4520
2737
9685
6336
8447
4515
1954
8425
7258
4688
4471
494
8866
1244
7313
3001
3192
8897
9390
2391
3873
5823
5266
3523
9050
4998
2201
5436
6384
3519
4336
2587
443
540
1504
6035
9629
3415
3364
1431
1134
7618
9754
3144
9825
4910
7545
2128
6410
4152
760
34
4248
6249
8158
8988
9413
470
3578
2713
93
3672
6119
5456
9191
6907
4818
6852
7778
9416
1211
5393
1610
9895
2781
6709
9067
2891
4904
3744
7696
5267
5218
4798
697
1650
7975
7868
1120
8766
9089
8981
6595
21
665
2606
7273
2590
4513
1176
5809
4295
4216
3590
3977
47
7982
9287
6349
25
3196
8856
9938
775
4099
480
5648
1334
2370
9636
1376
5512
6191
4629
8569
9378
1608
2627
1287
6240
3295
3807
845
4019
9723
7190
1756
4454
4642
3958
5380
4357
3477
2717
6963
7030
3769
5492
8566
7715
9332
4162
8925
1048
260
9552
6477
5603
7946
6821
7854
1232
9049
7154
2412
4061
737
867
2144
1252
3832
7599
8369
3721
6883
6011
2290
7708
5987
1701
2827
1281
8562
8054
3723
965
9566
7028
2840
6029
7106
3881
7186
9920
232
6896
9709
2779
4080
3963
9150
2999
9065
3051
3715
2307
7561
9213
4934
6044
8961
3951
248
3488
3127
3039
7895
5180
4718
5360
3847
6485
4235
12
9592
8004
6877
2991
4815
2976
6728
5327
2508
3845
4400
4714
8443
191
899
3163
3682
8915
9021
5243
304
6208
2857
5696
2124
3752
9963
5048
5295
6664
9475
613
558
9564
1451
3274
3370
424
5632
6344
8201
4838
9170
4921
6008
3270
9649
3044
2768
8729
7068
9534
3128
8494
1368
2060
1086
7803
1042
3324
1528
1653
1170
7031
1880
2921
1799
9976
7315
219
9864
6133
4968
9982
2539
64
9201
2383
4516
1157
9916
8477
9698
7558
4082
2302
6685
2055
6577
7478
7173
8243
8713
3141
6080
8239
7450
2970
51
4298
2083
912
8644
5348
7526
4058
1428
5503
8317
7438
4753
4304
2902
4165
1055
6787
7613
9580
6214
3464
2974
8506
1389
5193
6661
9046
8575
5148
2249
8232
6916
984
3667
8140
6016
559
67
6766
9012
5963
7601
5332
5965
5687
160
217
1562
7784
2601
6269
4689
4673
1419
4321
6948
3700
5548
8823
3861
7192
3026
7167
6163
4402
6686
3246
7802
7864
9936
3869
2630
4903
7586
9860
8248
8928
360
2202
2073
9733
6461
926
1255
7395
9939
1846
4819
886
3077
2680
9549
4474
1941
1458
5596
6393
6694
8705
3753
5522
2670
590
7458
9542
439
828
2334
6394
1612
904
6282
3570
1792
3166
6684
1575
8134
9106
4947
7924
2104
3322
8310
3711
6005
2371
4363
7537
2933
2393
9959
8209
1638
54
1257
9875
4762
7632
5772
6106
1690
563
5763
5927
1706
7384
2267
2626
3240
5335
3081
1465
7149
2237
3382
8877
621
3557
3640
2003
5604
8265
3531
3161
3944
3484
9660
5008
4825
189
13
8769
127
6908
2943
7955
52
7228
777
4477
4451
4660
4695
6651
8731
9079
1077
3215
6434
2935
4784
7224
9701
5002
1627
7330
3182
9598
6345
2452
9871
1227
5546
7921
7753
1514
1106
5358
6885
4485
9244
2889
7061
3874
7012
5920
5075
4124
2005
5693
8020
4916
3581
5804
819
2693
5367
7633
9125
2243
2189
642
3608
6855
2037
8305
561
3936
3895
2628
2975
7619
3307
7097
7023
3358
9436
2536
1659
8458
811
8269
4909
5109
806
7397
288
300
5424
6527
6225
2178
4327
5190
831
2575
4694
1043
2204
7690
4704
7147
9368
7094
6643
7862
129
1890
3783
9137
2080
8683
3451
8133
8605
2958
3688
6431
4558
56
4961
5864
688
2714
1545
3106
8944
1541
8845
2996
3117
6413
4056
5091
3541
3421
7188
2962
5194
1625
1553
8918
4224
924
9913
6041
4161
3790
4843
5130
2799
4007
128
2609
7461
2197
5310
7750
1035
9374
891
9814
6112
6549
1540
8781
3391
7985
3962
1158
2414
5415
3701
1700
3277
4265
5518
4726
5642
38
8932
8546
6799
2679
7065
6609
2555
1058
9922
5370
3446
3160
9116
9273
9907
7151
8463
3118
3919
3775
5221
2731
7516
1573
6151
2882
8156
8583
2442
8411
2110
7956
4100
865
7025
1669
7206
8397
3033
7137
4167
6181
1400
2102
7092
6000
2350
9297
3065
218
5936
4852
212
6391
8137
3902
5738
549
1726
9548
3893
731
8129
4284
7797
6469
8899
5558
7799
8212
574
3897
422
3827
1410
4906
3365
7697
7650
4266
349
579
3138
5656
8617
7702
7296
8761
6496
8511
7390
8259
7304
1805
3969
1566
6776
9839
520
8948
4436
6594
9765
4277
6193
4777
8
400
1436
3362
6514
6831
1699
1303
7424
9224
479
9154
1560
4202
9689
6737
4291
1591
5564
7745
977
9217
4554
2369
1680
9796
5385
4832
264
4503
1422
8746
726
1336
7135
237
2722
1587
6591
7473
1939
3091
9917
5055
245
6372
1497
7704
9056
5141
2784
9817
656
856
1589
8912
757
7653
5796
1280
4401
7567
1447
4976
9756
2969
235
4045
2644
7299
9391
1117
9612
6751
908
9453
1186
4905
8551
8517
5224
7004
4716
8979
4599
1454
8822
5838
8439
9485
9178
9432
8641
4458
8831
8616
734
3636
4877
3626
8339
5038
334
7795
4644
6906
5794
9872
1929
6809
8490
4769
5191
9251
1407
2667
3803
166
4053
3178
6385
6692
5718
4274
396
6090
3875
5752
3212
8407
8596
632
7443
9574
6260
1842
5944
8290
3470
161
3699
8361
8465
2176
2989
1163
7181
2607
399
1095
3467
2821
8479
4420
2545
7131
651
8343
8484
8206
6550
2199
8103
5283
9906
1529
2811
9108
149
1754
2312
5311
8497
417
9461
4049
1471
2806
1544
2863
6791
8385
7086
5241
506
6884
7570
8597
9023
5247
3751
438
534
4763
8472
3431
4276
8793
4867
8132
602
8774
2872
6444
8226
4415
7722
8628
695
9035
8730
6922
6051
7983
609
5915
3743
3669
950
8741
4439
4258
4062
3618
9804
1729
1201
9167
3623
4261
7078
4038
7474
2163
7662
3849
1266
2780
6405
9280
1868
9792
7684
8334
1496
1271
5005
6715
7781
8367
2942
4037
9722
9281
102
6785
6216
5227
5113
5582
3632
7120
8916
266
584
5140
5497
9654
8345
5178
2915
5356
8526
9575
7954
4087
5011
6002
6328
9131
3335
9725
8095
3705
3456
3265
4721
1329
2430
925
250
8771
5058
7506
3713
5754
2470
5986
2114
7742
9206
2209
1167
275
9599
2327
5663
3529
8256
1401
7108
3241
2339
7564
9362
3598
8496
6188
7021
4247
1031
8426
2017
2524
9905
1348
728
3329
2851
2282
2039
4742
7890
8613
4645
8563
6803
7116
2273
4953
5583
5481
9128
3262
3859
1294
5065
3737
4305
6465
9010
5627
8253
4996
7418
1074
8542
1909
6062
1398
2077
2502
7366
174
1169
5744
3297
2637
3100
1887
5060
2246
9054
9446
5883
982
8417
7369
4301
432
3282
7544
3102
7740
6671
818
3585
6610
8327
3234
225
8402
9259
3890
6619
5962
6759
5329
2212
1884
7555
7165
1369
9041
9105
2963
826
6795
5427
5246
9892
666
9402
765
5172
8276
7246
4238
2169
782
1657
4663
6569
8238
2669
4171
1476
4606
8347
9357
7
3048
3813
9558
6420
2620
2789
9579
6644
4960
256
1010
4024
7024
5574
6046
5523
7565
8296
5988
6464
7499
4537
1325
6533
862
6241
1681
4198
2874
8541
5026
7301
8553
79
3587
1903
1521
7222
6313
2026
9728
3507
1137
4924
3230
5907
6402
7652
2919
6013
5765
2292
9724
8854
9199
6816
1275
5869
2057
5566
1254
20
7262
4453
2466
9045
8064
9163
1289
9740
6665
1396
6468
3223
3393
7887
2485
8332
7990
2549
1818
1565
3957
6066
3611
6467
1182
9261
9253
2727
9827
9291
2676
2568
7808
5192
4812
557
2665
1924
2712
1125
1898
6893
1599
6935
2352
5556
4106
3381
7168
4215
6182
8782
7385
5127
3788
9084
9978
1777
7727
8190
2785
5231
7376
6296
1506
8760
1023
5660
892
3709
7833
4879
724
3278
68
510
6364
467
1791
4384
7733
2432
4672
3515
9401
3434
8399
8056
8193
7403
1761
1099
7631
607
1670
464
3866
6437
3435
9687
7966
2461
1065
1810
1188
2301
1300
6557
7282
9492
6321
5694
3976
1710
7666
2368
5286
8037
8591
6546
3725
9618
9101
7819
9333
6927
6412
4871
36
4151
3254
5131
1515
4975
1089
4126
1586
6863
65
9819
2407
6902
7543
9414
7812
5064
572
8191
2242
7074
5967
788
6987
9865
8651
7918
7779
847
3546
9325
778
3835
1647
4366
8085
5766
2076
6123
1166
6022
2772
3848
8410
4419
7508
5870
941
3153
1671
816
5434
5672
1862
9923
653
2577
8885
708
7103
6190
5107
616
4273
1258
7399
2451
8181
1425
7371
8940
329
7931
4223
9383
7359
7417
4504
1725
662
1459
376
4864
3243
2838
8032
6448
6024
983
8813
313
4107
2049
9366
3679
8453
8529
4817
5264
1034
3658
1588
8814
5972
8469
6623
6724
5061
6266
3604
7285
4431
6280
8338
919
8883
5379
9198
3726
3806
4353
3251
2810
2205
5517
3093
6934
9015
1079
2450
843
4046
3718
6388
6618
2926
7265
5158
6736
5331
2345
9940
2979
1004
9031
7968
894
9058
6408
6136
2675
3538
7582
240
9930
6450
1834
3651
9846
1196
6226
3237
1317
808
57
2283
8755
9130
4067
8839
7229
8891
8931
5361
194
9173
7271
3698
6050
6067
2313
7741
2002
5506
8829
6042
4827
6367
2867
5976
5885
8450
3747
6806
5032
615
9365
8486
1411
7760
3939
8440
4184
6917
9192
8120
7079
1463
6511
3406
4463
231
6872
4168
2505
6117
8049
8044
3474
1558
4468
2377
8022
857
5734
7352
9525
5213
6114
4701
1512
1314
412
5514
881
4678
1933
1776
7193
9176
3692
9879
544
6590
4938
4982
4677
9164
8632
234
7410
8909
8283
8993
7986
1959
197
5428
6407
8355
996
3075
8340
5174
9853
7670
3006
5762
3076
9013
5909
6862
1863
2165
512
2884
4369
5063
8154
5747
3938
8394
3731
1017
5787
7856
7863
5171
9498
2254
2323
1931
8077
8273
9893
870
7579
9348
8894
6672
7769
2023
7851
1658
3263
9352
1769
8272
6481
9317
8482
9867
8600
6820
9519
7060
9789
8704
4700
3013
7327
1826
3028
3250
3660
8926
440
8024
2001
4829
4548
9703
5701
710
4857
7625
1041
6439
4550
8709
8671
8717
7673
5680
1739
8789
8539
4134
5416
8307
5508
3954
8194
1092
3887
8483
2413
6222
8775
4385
2097
7343
2244
6864
792
1412
270
2118
5037
7115
5035
75
6681
4083
1724
523
6102
8217
7468
5431
855
6955
1054
3389
9787
8939
2612
3388
6719
8352
7136
566
7860
7454
4646
727
1361
670
2096
9635
4633
1206
8287
9011
3317
6499
2939
7962
4774
3107
8805
7857
673
8799
7621
5820
2640
3485
9919
5753
3706
5401
5399
6250
5114
1337
7472
4433
2629
5217
4911
2723
1651
1996
5163
5208
7393
7415
457
6802
8102
4565
583
8229
2198
9836
750
3036
2340
9005
5104
703
8567
526
5156
7326
135
8561
3442
3730
789
2560
5250
2362
2701
2310
4607
6166
5686
7486
145
4206
7515
4756
4698
889
918
104
9394
4929
1200
2236
6828
2420
6417
4122
5339
1214
488
7974
1360
416
8452
1246
1123
5182
2897
1338
3966
6174
8967
2239
3794
2572
3535
8237
1228
2755
8579
7928
2663
7347
2490
8762
8398
8431
3828
6156
5477
9212
2440
4833
5806
1005
3884
4103
8099
4405
4930
389
9750
5748
2848
5042
4691
2256
9255
7433
5520
3929
8903
499
8606
8672
1025
4605
6094
3217
23
7592
7828
6494
5392
3396
308
3670
2597
6937
1291
6708
2463
1150
3135
8392
3448
9949
7280
3552
7332
8865
163
365
6213
9141
9816
3376
3069
490
2086
5948
4713
2378
3984
4518
1264
2373
4965
8222
9231
5307
6789
3647
9228
6920
5402
6401
3136
5654
3900
6861
8111
2123
9103
1655
3545
9650
1405
5990
5559
1024
8860
577
5422
3129
7550
7487
932
2000
3041
4792
3211
6004
1865
327
875
7423
6584
4531
6278
9502
9700
3187
1721
2444
1151
7881
1223
2067
5519
780
5657
6389
7546
7674
7880
799
5142
5678
8582
9878
4150
3885
9898
7953
569
1720
3911
1353
2903
9387
3390
1012
7595
3512
6325
4692
4320
2980
8167
455
9603
9490
5483
888
7873
5059
8438
7836
6203
8908
4952
7602
5676
159
8711
3555
2767
4574
6867
8311
3892
4170
9480
3296
4970
193
5629
2483
3841
6048
9115
9805
5515
4888
3815
9420
9222
2196
2455
3933
2499
7694
4715
4893
8070
1236
7118
9458
2847
1272
8092
1691
1728
6366
9998
7367
8975
9573
2912
121
5068
4480
1350
4647
3551
9536
169
1240
1902
9915
8655
3433
4579
4013
933
96
7527
5344
5599
6898
3563
7915
6143
9633
938
4846
6620
7321
9695
5196
3855
2240
6638
1795
4492
7055
7083
5783
9077
8138
8170
6700
3556
1503
4922
2112
2869
4920
1698
6997
1253
9194
2836
1486
9886
450
7816
4377
4522
6231
1535
9624
8973
8803
4240
5918
7462
1394
7755
7559
2887
4118
5478
2210
4064
2482
6379
5228
185
1889
5782
8003
7382
3414
4555
7297
8835
5389
6515
9457
802
8094
7698
3424
8258
7789
6580
2696
1982
156
854
6054
8564
7489
4592
2487
2300
6534
7170
9417
5237
5006
954
3896
3953
2797
6914
5584
9806
7071
1763
4957
6954
9061
8555
4752
8157
1539
3500
4270
9276
6888
4140
9221
3275
930
1806
2820
9403
182
7364
4891
8405
7064
2523
6953
5708
289
1261
5937
6320
8846
2171
6376
7569
397
3778
678
6771
835
4086
2462
2686
3732
4639
2758
1480
8280
7574
1585
2649
8589
3978
7110
1446
172
8159
3974
8119
1994
3574
198
3043
5815
2143
9729
3207
351
2682
6330
3279
8743
5682
8029
3476
874
7465
2347
9381
9208
6235
3321
4936
2691
8298
3202
9657
2735
594
9531
6823
2289
6837
3728
6121
2905
1677
7069
2938
4399
5576
7891
3505
2241
3860
3286
3736
5579
3965
9943
7435
211
7201
2954
4279
5330
907
668
9094
3499
593
84
7232
8733
887
7143
6995
2801
5529
8787
5188
3822
3145
5939
5369
9470
649
3256
9055
6998
5033
8821
1823
3402
1399
3334
1533
9379
6187
1352
5552
1510
7485
4315
139
294
7997
1008
7640
4511
5789
4813
5251
7805
5746
105
3547
7496
3170
9507
9977
8715
3738
4652
6836
9585
2255
9057
5414
7428
2567
3898
1433
1892
2439
9551
4693
123
1020
7037
3347
4542
4340
8817
2494
3164
1250
5755
9080
9848
4734
6631
5878
6874
4880
383
9157
5185
204
4979
8719
4966
9211
2632
9132
9637
7477
4280
2021
4467
9523
3151
8538
3528
8708
8260
1062
8117
4789
3423
2303
814
5969
355
2757
4153
5404
9452
3710
9901
7677
9645
8594
2770
1268
7488
9780
7523
7127
647
5921
6866
5756
4015
9070
8122
9899
6843
2624
9285
1133
3903
3445
4182
2788
6851
1493
5480
9749
3829
2791
4491
2291
1749
6286
2206
548
8626
6508
3019
3748
1859
4950
5874
1926
2521
4561
2574
6754
2286
1772
1635
8408
487
1293
6164
6234
7829
8536
2190
5999
8647
302
5700
1030
1440
2149
8870
3722
5714
822
3412
7937
756
3440
6699
7213
3360
4944
5490
3148
8604
1609
6232
7251
8614
8748
9027
9946
1356
9735
716
8765
1131
2558
1305
6695
8216
7925
4583
9421
6346
5673
200
4195
154
2623
6827
113
1469
9945
2715
4690
2488
3833
3298
4283
6919
9118
9242
7256
7398
9496
6079
6635
7509
1636
6362
9451
3120
9889
8266
9503
3380
6229
1642
1683
6033
7325
6536
2544
6430
5975
1247
8000
1519
8240
2684
9384
4925
8502
9902
4772
7530
8182
1704
4624
2314
314
2602
1527
9996
5741
2269
7967
1155
7032
5046
9647
456
1197
2966
4679
340
8285
3052
5833
44
8381
6972
2849
5659
2030
4807
6632
4256
2170
5054
4955
2113
4105
8492
7979
8267
2365
8753
8363
4620
5376
3511
7026
3876
5229
6513
3762
7087
3300
437
8052
529
7148
2710
7976
9203
981
4066
7293
7886
7749
9518
7189
9530
5749
8116
7215
3777
9973
7261
5275
4915
4136
393
2160
8164
3430
5817
6890
4475
7169
2843
7675
2305
6957
4286
4297
2388
6120
9032
4928
7911
9025
6403
2569
9300
4954
4281
4912
7654
5486
6835
1323
5233
43
2094
8985
9881
3168
8858
7044
5705
504
6122
6775
1288
6495
3680
2561
3689
9759
8745
5854
6406
3437
1958
7439
7242
4104
1217
7897
6137
4862
9824
6538
2317
9307
772
2619
6157
664
4318
5777
6698
5622
8301
5489
9071
953
1879
4473
5457
8279
3497
5735
2515
2277
1121
1783
1813
1526
2957
6703
943
2615
8160
1781
6613
8295
754
7316
8495
1059
8424
9791
6977
208
2125
6380
4354
3004
1384
2782
1750
238
1145
4043
183
9596
5516
9126
4640
6523
2819
4613
2429
6762
3309
3909
4535
6302
6633
3922
1601
1069
6574
4887
2173
4213
4251
2547
4326
7184
3697
1640
7310
3779
6611
2621
5891
6599
1945
5211
8696
6714
6352
348
4744
6371
4587
5232
2087
201
2214
8255
6956
4382
3605
1583
7583
5106
4842
2520
8635
6842
9339
7008
1525
175
7084
1905
3471
3066
9326
8509
8460
5577
6944
9040
3745
1617
118
1847
6185
7471
9541
7948
418
6814
1981
589
1534
2960
3356
4344
2111
3378
8166
468
3252
7528
4707
9428
5225
9526
1009
8106
2518
3140
62
8603
1911
1801
9609
89
6159
1108
4885
253
3227
803
8848
7576
2610
3452
8409
9692
2533
9807
9292
7225
9093
9443
9932
4309
5112
6624
2945
7615
2500
2886
4260
2029
5175
3883
2151
1824
1592
7459
5413
7598
8984
2504
5876
6445
6545
6636
3137
5613
9440
6319
3009
4245
9711
7809
7772
5103
5199
3035
5624
6943
2947
3917
4021
9818
3659
767
3105
8669
1438
4285
8602
318
931
6433
6731
5245
3049
3603
3367
7383
1032
6390
2008
9782
6782
3975
4896
1437
6398
5646
6224
638
4364
8388
4876
3210
4414
8999
17
2493
1961
3219
1957
8161
1045
9086
1703
3209
643
7726
215
1779
4850
8474
8365
2348
8653
5677
7964
8630
5027
7585
522
1426
6427
9085
7178
4208
5778
7548
9174
5126
8421
3801
1992
9373
307
7883
1322
223
5949
6400
114
3989
2913
9651
2354
9866
2855
6355
6763
4557
46
8104
8075
2016
2403
1686
5818
5898
1259
1820
5770
2725
4656
4288
3016
1110
6332
999
1040
771
920
364
7896
3447
5287
1467
8010
8648
481
6735
8901
9240
8718
9702
9489
29
4368
9121
9060
2372
3882
5451
7737
9897
4121
3768
3167
9774
1508
6351
8615
8493
472
3999
3404
4172
3194
9467
4598
1215
9623
6975
7743
5547
1355
8005
2885
1757
5014
8454
7870
1328
261
5460
5608
3306
3401
6086
3606
325
6503
8773
7914
8887
5732
7735
5832
7822
1000
1238
4077
1738
7950
2800
3420
6502
7636
8588
5846
9488
3808
4341
6107
8927
9398
9149
7291
3398
6478
8956
9773
6295
3923
8643
429
7077
3269
2730
6547
8783
3864
7085
5407
9987
2468
9464
7070
3842
8468
5585
5842
1872
6544
7746
7510
9034
4674
5671
4034
6178
3510
8079
8900
3374
4617
9226
9062
6985
4865
517
6456
3868
4735
6564
9329
8185
6215
4743
7406
9772
305
4278
7589
9140
3498
3988
7491
7765
6847
1798
8994
4255
5488
8558
5364
2436
7290
6199
4738
2512
7249
5077
8142
239
1277
3525
8656
4797
8732
2760
7355
2809
8196
4308
3825
5292
9098
2392
7560
4246
9717
2987
4311
4889
2078
2007
4197
6634
9794
4668
841
2677
630
4595
5469
6317
199
9761
8391
723
2038
7183
4209
6452
6455
872
8989
5071
3712
8175
1364
3576
9419
5302
8977
5899
3558
9680
9182
5615
9856
538
9263
469
8203
610
6100
1207
1161
7191
7002
8565
9951
6526
8795
4837
5913
823
1357
5780
8645
6374
3189
3935
8742
9515
8027
7830
2910
511
7255
4228
3638
9739
6570
9177
2100
576
1615
9422
3765
9466
2992
2148
9314
2732
283
2747
8690
3264
8080
9955
7840
3034
9713
1646
2070
5727
4430
6252
7263
3925
9511
1808
2642
614
8060
1481
5498
6435
5154
3086
4708
7960
7695
2336
3059
7396
2395
2660
9593
4618
4472
6142
8350
8505
8067
564
3597
6076
5066
601
4381
5181
5176
5270
2664
2920
3879
7549
6621
2238
7013
6354
6909
8706
2355
8834
7744
2152
5049
6792
4203
2116
5565
3316
3489
4074
8341
5253
2596
2983
8888
4254
3369
8969
5352
2971
4289
636
3444
8376
2941
8660
8268
5166
1021
414
3621
1870
9236
8754
5844
5669
9343
6722
3418
3171
3943
6744
4233
2090
3280
6582
8364
9044
7062
5136
7522
2672
7289
2252
2748
2131
5471
1784
4314
3258
861
2287
6147
8055
6072
2404
3517
8304
7057
8688
1417
7122
3543
4101
3233
6844
7671
7591
9983
6272
5597
6891
1907
9004
7006
6432
906
451
2036
4432
720
1321
8518
5242
6375
4527
6606
1613
8697
3027
3180
7699
6732
5812
6650
2774
873
8692
8693
5541
1027
1296
7859
1282
794
4219
6880
4000
297
8971
2390
2321
9290
221
1404
1044
6501
3770
9590
5173
4035
8066
4039
4139
4751
9631
9626
8836
901
4003
8722
1844
3940
9958
8667
9820
99
9912
9180
2346
8559
3340
2251
3635
6492
1385
8289
9114
7483
637
2763
2032
1189
8456
5816
4012
4648
6404
2777
5429
5721
7716
8873
836
8728
8333
1914
5555
9166
9124
5914
6012
2688
3397
5320
1919
6552
315
9110
9615
6270
3341
7492
807
3524
4964
6291
7826
430
203
8446
9927
4719
555
1051
9293
48
9693
8163
6421
1413
4543
1414
5157
6038
7811
6833
787
8278
7800
7456
8351
1831
8420
3315
9135
4076
3047
2761
3158
5125
3589
371
3018
2501
2043
9254
6026
5186
3133
8282
5554
9554
7333
6939
4696
9965
5012
1129
3518
5257
5333
2253
4222
9847
6786
1927
2635
2040
1231
4002
9568
4932
8121
5982
1066
1928
6743
8432
4244
6440
758
1406
8937
1068
3850
9308
5062
8607
6717
6479
3157
5667
905
5496
4847
554
1265
7337
1116
7042
5219
3812
9832
1985
3982
4398
8552
7240
8136
6646
6342
4418
8406
4174
9491
2105
7617
4706
5923
1550
5685
9690
3078
8318
5855
5028
3685
7484
2446
9668
7495
8721
5621
72
1829
5433
623
4412
5572
3886
5894
293
6725
7208
9075
2865
2288
4785
9083
7614
4991
6796
5575
5018
1474
3888
5418
2516
6271
6331
9144
6195
1633
4460
5905
9971
9571
8735
8349
4484
5824
1807
9200
4257
1464
1320
6568
8906
7360
707
1245
1960
9487
9119
5859
6793
1925
3560
230
2316
5561
3757
8284
5235
9614
4469
8863
9821
7177
7780
4804
5618
2599
1085
3287
5586
5916
7885
5729
7606
5964
3459
1349
702
5108
4781
5223
8710
4831
2191
9250
5675
7431
8246
4310
4584
6615
6507
9537
791
1006
4576
1479
1988
2815
790
4978
3537
6273
4723
5650
3856
3408
9063
4710
4748
9392
5941
6001
7375
2084
9179
1342
2709
18
6275
9014
1606
4018
192
5288
1770
2893
1538
2441
3085
9162
6134
7019
2795
5774
2603
5116
8513
111
7788
7901
8740
3793
2183
2740
4860
2525
2532
9682
5902
3327
6881
5983
5076
8980
1607
5118
1568
5665
9316
447
9282
5271
301
8145
6593
4465
6540
5702
6333
5805
9219
1490
7419
19
2700
5207
6845
6443
8215
8625
5802
4060
2364
6617
7348
8786
5463
8061
6733
5322
6003
7452
5655
2089
8941
1942
1584
8380
2927
8314
9659
3970
6528
9153
125
2281
9133
4187
7212
4111
173
8694
5786
1028
7211
5425
343
9066
4447
5007
5966
5363
3554
6887
109
3795
1060
5600
5995
2279
546
4380
7345
1075
1219
8798
552
3676
4874
2658
3858
5897
1740
1146
7701
88
8214
7448
2968
8063
4835
6612
8308
7482
5408
3654
9495
8041
1330
2275
4166
7820
8986
9854
9271
5903
7363
2046
4913
8176
2995
9447
4072
9294
7141
9843
500
2589
8177
7709
277
8875
9563
3950
1427
9331
1218
834
1951
3032
2433
10000
9655
768
2329
9161
8470
8197
5304
6175
5277
7787
9556
8230
1308
3662
3789
633
3441
5773
9235
9947
2467
7123
2792
6654
7121
1344
421
3438
3465
5957
2622
2883
4545
5040
4196
1978
9229
4006
4730
1243
7429
8554
4725
6075
5345
9327
4933
1402
1687
8141
4499
1208
1461
1802
8812
8612
354
2764
5326
5569
7847
6986
8434
9673
3436
9372
1814
2437
5703
9513
9764
3025
588
6023
1688
5501
9328
9424
2738
9016
1037
5282
1511
2257
8951
3259
1971
1964
28
5357
9389
3838
8547
3054
7941
9246
4741
442
8036
650
7005
4483
460
8797
3985
359
5346
2129
5000
1096
8400
9778
5500
8700
9797
6204
190
1719
1343
7350
9600
4040
9517
1711
7949
742
1955
761
9323
461
4135
8183
5319
4143
3305
1310
7286
5074
9286
4207
3872
627
328
8125
9535
5526
3457
1002
7686
1716
8947
6141
3619
7904
1894
2853
786
2978
9465
1852
1632
6436
3409
3796
5420
7361
508
4594
8945
9877
4081
4949
1841
7432
9734
76
3830
3015
4884
6287
6475
4796
5386
7162
7926
3113
3719
9937
880
9097
4875
1543
7664
2142
7281
1505
2531
5827
2284
9699
8499
4816
3913
7935
2850
2745
279
7421
8324
5956
1885
8219
1993
5803
1
9361
4129
7305
5144
5760
2213
9918
9482
122
1732
7541
60
6289
7903
6676
2166
6946
753
5020
7995
6392
9184
3308
3542
312
599
5879
6897
2906
7307
7407
5658
5901
8461
5238
2645
4586
3862
6103
9783
7713
6826
6940
1462
7276
388
2079
5435
6976
876
1594
764
404
8208
8609
4651
8034
2895
3152
8481
8924
8599
2724
5396
1520
6573
948
6912
4175
7288
5568
1136
3889
5974
7988
9408
4736
1327
3487
7257
3871
9704
5689
4355
8664
7029
766
1570
5036
97
2733
3582
1421
486
9727
7942
747
2271
3509
3627
8059
8674
5248
482
6323
1276
7130
3791
9969
2319
2147
7011
2611
3267
5652
6358
1088
1582
2955
9831
2013
2728
2613
5472
9851
8098
4810
8557
2900
6210
8271
276
3062
4466
9146
6161
6915
262
7090
9136
4573
5222
4050
2934
545
2139
7308
5067
1284
8584
4268
9768
6961
8012
1445
6551
9980
4163
5459
1432
844
8441
6212
5697
3361
7933
226
4325
4211
9656
7277
6201
6167
8293
6458
9926
4856
3232
1229
883
8638
8904
2510
5767
6251
3575
7354
3383
7309
4562
7009
9220
2274
6769
575
2498
7007
9347
3301
8277
3229
2964
8815
8841
7584
7889
7748
7888
3040
209
8784
6415
7161
4541
6605
5255
9601
5856
3289
7919
7338
8816
2965
1224
655
4263
939
7073
3652
7051
2064
8763
1162
2063
8777
4096
8291
9439
1018
9386
5450
986
4886
6056
8192
8698
5278
8437
8387
9779
2431
8359
4481
220
390
973
9809
8174
3385
2633
4452
9270
2790
4048
5395
6290
5400
4683
206
7672
6749
6711
498
4397
3432
962
4614
8325
6966
7825
7391
6921
5153
8663
1597
8808
8413
2427
2324
1910
3020
8014
2879
5742
9395
1789
8525
6180
32
7312
7692
6889
6422
8082
4181
7916
1124
8313
1363
3852
3377
4092
5639
7791
2807
1263
9781
1191
1386
989
58
1383
8578
8689
8804
3147
1311
7852
4770
4441
5476
7353
9111
8752
5679
4250
9341
9762
7388
8172
4872
9076
8322
4578
4575
5996
4009
6277
9510
1071
5602
6059
9376
4457
5491
4931
4109
3173
1785
4946
2137
7274
3620
7250
3733
7479
6834
120
5973
6488
6819
9248
5861
7098
9803
1172
373
7736
3758
7637
2115
1248
4042
4098
265
9193
8723
8375
3677
3490
9036
1297
7794
2066
7521
5504
6899
6856
9524
8970
5362
7320
5502
9051
5388
4828
5908
570
994
8200
3533
2164
8009
5989
8768
8368
5513
6561
9985
9195
878
6124
5351
5052
9127
4411
5867
4552
5145
4569
7996
458
9665
3908
6531
6447
4739
2616
991
9835
1302
1953
8146
519
233
2192
3734
5979
3772
138
1307
3058
6058
6031
8153
6882
3707
8427
372
24
1984
5047
8935
4980
5484
5034
9158
5365
6104
8691
4971
1380
2022
6294
5086
2020
9890
8162
5960
2478
7705
8790
9415
4333
7529
9052
1013
1478
8199
6470
3200
6941
1260
8570
8622
9090
8623
9900
9484
8008
2438
