214
61
612
158
341
102
62
521
452
842
819
441
827
639
647
601
801
320
671
717
225
683
367
391
91
203
656
2
982
347
745
93
917
510
756
115
676
259
493
421
933
523
19
388
503
94
590
596
105
771
40
996
790
583
794
362
785
511
516
812
467
107
539
838
183
726
804
188
100
507
77
807
690
275
101
394
368
973
192
948
238
623
650
699
127
691
176
257
426
776
412
256
939
300
773
741
248
528
205
923
39
908
376
187
81
593
191
465
615
571
112
544
731
157
969
762
957
95
28
400
249
26
816
501
339
170
315
820
209
153
920
439
802
616
4
658
798
147
350
326
881
389
177
64
997
444
345
855
423
909
48
407
126
337
69
723
706
681
654
85
371
338
940
550
384
494
929
73
533
677
559
99
430
643
913
874
399
328
569
215
740
774
867
398
850
797
1
311
980
979
78
312
627
514
736
985
166
508
446
743
293
835
954
270
833
161
531
977
16
135
108
506
555
535
763
12
387
380
281
892
172
577
959
778
59
498
897
67
226
150
863
220
461
116
839
66
437
196
253
770
653
227
829
742
106
415
960
130
57
411
352
885
121
481
896
443
705
545
307
408
566
753
832
110
989
714
442
280
557
460
403
652
655
608
402
849
71
895
815
750
537
512
715
277
513
707
766
570
696
922
383
631
419
97
870
132
688
5
466
417
930
23
603
942
330
831
124
685
530
88
609
268
373
470
899
323
298
98
871
542
416
604
468
109
296
348
994
17
72
880
285
746
844
478
7
208
686
137
356
165
155
33
641
291
114
724
182
914
469
830
140
822
761
843
634
695
999
193
325
221
769
434
392
738
836
479
68
24
532
424
142
848
29
963
584
591
449
292
189
43
504
810
757
229
621
568
722
704
620
138
651
853
42
789
720
718
991
628
744
712
873
299
708
118
210
282
395
180
967
540
993
779
814
958
413
974
692
181
645
420
666
803
859
44
806
438
805
453
223
600
642
978
845
938
199
393
780
286
884
309
573
846
117
21
38
491
657
455
727
668
579
782
495
664
876
145
87
703
321
747
886
228
638
729
622
427
716
432
163
879
926
536
445
567
374
207
333
953
428
941
306
14
693
264
875
733
305
861
646
682
496
739
935
864
865
96
435
916
598
159
25
250
809
758
358
366
605
279
151
752
382
119
342
625
918
772
572
515
578
728
431
56
486
956
169
824
146
252
748
322
858
222
644
310
701
463
976
361
288
527
607
457
141
459
702
986
765
266
931
522
755
139
103
70
346
52
234
450
900
519
932
485
538
891
502
597
760
178
672
381
58
968
862
263
301
276
316
966
63
483
302
154
375
524
18
294
946
401
173
595
36
558
981
211
888
821
273
698
30
447
390
198
11
355
168
912
589
551
632
669
582
212
548
111
204
792
952
206
136
79
216
754
674
458
840
492
313
499
768
160
694
813
636
921
905
649
626
490
254
1000
721
433
617
972
201
324
200
41
289
697
317
304
800
359
448
944
588
167
120
947
308
898
660
297
975
235
236
314
783
509
665
489
619
817
406
9
179
735
31
272
425
857
611
241
624
335
777
90
971
269
689
561
53
378
349
113
143
475
987
541
197
83
719
164
525
370
552
964
684
945
500
910
303
751
265
924
396
610
195
365
251
340
351
565
219
526
247
764
856
613
679
482
440
261
242
606
648
575
385
329
872
586
246
630
152
925
156
344
984
547
787
332
245
882
614
47
379
55
8
543
529
487
662
357
808
995
825
581
122
46
278
943
893
919
915
239
237
190
887
363
318
74
834
576
213
955
283
262
319
961
171
129
149
826
429
134
409
517
104
580
404
983
451
354
673
903
54
218
148
15
635
231
663
472
224
477
661
60
22
553
133
377
271
456
436
759
854
894
534
554
369
781
267
713
243
274
906
866
950
851
34
725
786
670
877
287
711
65
488
89
353
562
784
732
186
37
462
637
174
131
405
233
775
868
633
818
988
331
364
927
202
951
904
823
788
13
734
10
3
860
700
474
422
162
749
217
372
240
911
32
50
618
82
520
49
185
175
290
546
962
360
585
410
890
454
6
473
471
847
970
852
255
936
592
796
397
497
902
418
687
791
659
934
20
730
563
480
86
710
587
928
505
629
574
564
92
45
476
484
556
518
799
327
336
386
230
767
602
680
184
678
295
128
84
667
244
837
27
75
675
709
990
883
599
901
841
793
334
194
284
144
992
414
80
35
965
937
828
76
640
258
464
125
889
123
998
869
232
907
549
795
811
343
51
594
878
260
560
949
737
