732
669
879
1790
264
1176
500
1060
1313
1195
368
1151
1853
1185
1829
1943
676
1530
794
702
908
469
1871
63
818
1934
392
452
334
409
1840
1975
111
583
936
847
1424
1671
1592
1140
1975
422
1126
1999
1420
1261
1313
262
1879
1733
573
1233
774
1049
1603
1056
716
400
1225
1705
624
1214
1663
1106
1870
163
1546
899
1475
55
997
1888
1051
1591
1274
1450
1956
1391
1066
950
1963
740
433
1988
1485
21
1588
686
495
1825
302
305
956
1357
1797
1803
1535
1326
192
148
1418
86
570
1132
1000
859
1557
1038
1374
1778
99
1994
1221
1610
437
1392
217
1938
1726
1935
1377
657
1102
1458
458
1817
156
1162
1892
746
64
236
1244
1290
88
397
1668
812
1082
537
1130
924
81
147
1015
1147
754
152
1060
1977
695
409
1979
10
1907
75
558
1248
322
795
848
1316
744
155
1996
1040
956
1747
1386
1124
1590
1226
808
374
840
1779
1993
639
783
193
1719
1342
1850
261
1785
1947
110
579
1647
1337
1596
1105
1278
70
1826
1015
1776
627
589
801
561
180
1630
924
1248
79
1064
558
1078
627
495
1309
1891
1499
196
1299
1272
159
1857
534
1608
1188
395
174
1260
1298
559
1496
1178
836
1562
1459
632
1361
438
22
302
629
1640
1239
1987
1384
1529
1717
411
1230
1296
34
1440
788
426
1085
318
1524
1740
1869
892
1133
1953
369
1968
775
1756
1617
693
1832
8
212
1627
1787
1911
1594
793
1161
495
866
748
1580
550
907
13
383
1287
366
712
762
363
1788
948
1217
587
821
819
239
921
255
254
1469
1495
1054
1275
498
1100
1573
915
1293
814
1372
1614
1609
186
1285
32
1839
1091
1509
810
1330
1394
12
1081
1780
1334
848
1473
668
1113
930
1783
1710
978
221
1062
1139
887
903
1291
1842
754
1589
1451
1682
797
867
1526
236
382
590
668
615
272
457
372
1833
1136
1148
1600
1667
875
1774
612
1606
274
1101
1149
1906
416
1654
209
1046
73
122
1314
581
584
580
829
1770
774
1665
770
1877
943
415
1734
623
951
1182
1556
1316
1804
1775
1479
1307
426
906
1749
282
781
611
922
1085
1076
330
1648
1434
1323
508
1540
1961
1961
561
1018
262
1502
235
143
385
1519
362
1962
1911
1645
999
928
1452
1406
37
1063
1506
1774
484
1833
1436
1292
1443
514
1042
858
1708
42
1645
1725
450
554
646
789
1809
610
1405
1956
541
466
728
14
1420
1883
397
1305
964
1943
1866
1160
462
1800
1007
1399
187
648
444
628
1253
131
561
1364
658
82
394
155
319
518
1559
106
62
482
1731
196
356
962
1831
1455
1354
449
1848
1501
608
204
616
1906
769
1215
1049
1594
1991
1063
1059
1538
329
531
1342
733
1805
487
1132
1862
661
814
1579
1909
1502
814
1969
233
1693
1549
779
1556
982
1874
1673
1157
1049
994
1263
1841
807
1699
776
737
554
1800
462
522
1080
1593
1480
635
575
1413
1510
885
17
1681
0
1426
1714
1784
1583
497
10
584
1859
1098
1223
1619
398
1808
699
242
651
1860
1445
127
711
1909
1236
1124
253
419
1636
494
421
42
74
1077
1323
841
1461
324
1967
937
1409
956
727
845
1716
1109
929
90
86
1237
1664
754
828
260
692
23
455
607
1460
974
1957
476
1803
1706
826
402
324
1560
616
310
230
876
588
1044
1976
215
446
58
300
1148
699
840
1742
1575
1079
732
595
151
1130
895
1338
1650
1283
56
1169
1056
1972
126
176
1117
1189
11
45
976
759
338
394
250
123
510
696
1267
1305
1482
996
524
544
746
1939
878
1978
950
1576
1166
858
877
995
190
1040
1474
1139
779
1008
678
1840
1830
1989
460
1914
1624
1565
428
226
183
1358
275
271
1412
1300
1208
803
1869
1381
1470
351
1587
607
1712
977
1336
1344
566
24
580
803
947
1201
792
779
499
1515
136
1979
1803
1179
261
979
1744
97
645
459
1701
1749
1179
1868
1119
1861
924
1696
1066
1400
224
1405
131
28
921
1274
1035
292
1913
1103
897
50
68
1055
1089
379
749
1191
592
698
1196
203
1333
171
461
718
1441
487
456
1651
377
322
1345
1181
1276
1344
1025
90
101
138
1683
1600
1493
415
1502
756
347
363
1630
463
333
1821
894
680
725
677
282
396
1043
1245
1169
895
848
724
1700
1974
1296
1851
1149
1781
944
1496
1423
1874
1528
1002
652
660
1546
1959
1136
1180
938
1761
133
1680
727
63
1800
1125
16
1071
958
1955
1102
339
1000
1470
95
79
641
1442
1620
1700
1094
324
332
18
1959
1036
517
28
66
1279
531
1751
756
715
427
987
1436
213
316
1459
1700
473
1167
378
1753
1042
253
1265
194
1368
936
595
659
755
908
393
630
1103
218
1168
1380
1790
1388
315
1388
1430
1091
57
1768
831
1824
521
873
607
299
1408
312
316
1816
1436
636
594
1298
147
460
1390
632
1305
1362
1383
1963
1586
650
440
149
1001
753
1905
1384
53
853
603
798
669
610
58
1726
603
844
1876
133
574
344
61
1974
670
965
1098
161
1080
452
299
1556
1028
781
1100
1403
1191
1099
1420
235
426
1840
1250
1199
731
474
1966
326
140
813
1446
1818
1827
1678
1232
1535
1739
883
370
58
1672
1408
1032
796
1613
195
50
1647
1146
1822
415
542
1008
1265
1737
513
1229
557
1247
1123
1632
1624
781
978
923
717
1865
317
464
1271
1038
1041
1352
768
893
1440
592
110
1727
1402
259
11
1301
403
990
1855
1362
293
704
1085
91
503
949
24
1915
1017
963
1394
160
151
1759
942
152
382
1311
1117
1163
880
112
1904
335
1008
1696
59
20
1829
1505
550
1194
1054
1843
1489
1332
645
1881
1559
1697
560
1146
489
93
1167
1917
509
1022
209
969
1618
419
296
588
1484
913
117
1660
542
1370
1797
1916
169
1944
1464
413
567
1448
1245
61
1069
1692
1876
351
438
1324
361
1478
76
54
760
870
595
430
878
1429
1765
33
210
1532
755
846
1115
111
947
142
1764
150
1636
365
1641
663
1203
874
354
1499
476
1768
1965
511
1547
48
299
1989
1052
1435
1900
292
685
1254
170
1808
843
435
314
455
8
1848
752
901
240
1819
1867
479
590
1566
638
102
1197
162
2
1136
1473
846
689
1014
852
1717
234
609
446
1683
1327
28
1210
256
1574
1113
1462
941
1720
1673
248
750
875
1833
1548
1493
1783
872
1351
1269
1216
842
1475
1997
1536
1602
1226
1877
1960
1550
1460
1554
1209
1781
579
28
169
1770
1164
385
1819
184
1952
1147
908
606
859
490
1718
156
1277
1710
704
1135
65
636
1247
1921
1170
731
181
956
164
84
492
1544
707
1288
513
1859
598
1020
873
1665
127
255
884
551
1079
1482
138
830
878
1595
992
1166
960
1925
454
726
111
991
1439
880
1850
689
1705
1453
911
1732
418
892
488
399
672
1217
1438
507
970
562
1783
1001
837
1548
989
1376
1403
1651
1998
22
1131
1450
1423
1581
1695
635
151
354
569
273
1281
762
497
640
1877
64
411
80
1183
397
114
1119
690
1581
1585
1208
368
1103
435
259
533
761
1272
592
405
244
1579
1832
1764
329
29
873
1715
1370
1427
1497
958
375
794
178
1591
509
893
44
1456
975
149
391
677
1456
1467
409
1107
1048
1977
817
1675
183
1894
1558
1082
1404
1949
189
527
1535
135
744
463
459
497
1944
698
15
1128
1870
1550
918
888
1682
591
266
604
1723
771
439
1622
198
1500
88
519
825
835
221
1710
818
1512
1112
23
1379
791
1277
681
1205
1745
335
1035
67
25
772
500
1024
1189
1478
379
1488
301
1881
221
1020
72
1502
721
527
405
151
1031
897
1196
985
205
25
128
540
173
1628
617
633
372
503
824
1717
1568
1120
66
1148
466
213
993
1495
1661
562
545
375
253
1855
812
1688
1008
886
282
274
1227
1529
657
1709
1021
940
827
413
1122
141
1077
229
830
749
1130
317
1168
1593
1107
244
1494
832
197
1223
1297
1387
980
1302
1514
190
1550
1823
1756
1258
447
1757
952
1290
1014
1507
924
682
1387
681
751
375
1580
1061
594
1604
15
976
1984
278
1335
1876
492
679
1899
27
1481
768
414
1748
719
1997
513
1931
1344
1337
1060
1621
1614
1092
926
1198
1891
991
326
1471
1605
1652
272
1536
380
1524
165
89
962
909
1360
1088
1114
1739
391
227
648
667
1124
1456
832
1629
1887
1348
916
675
880
813
1561
733
943
1215
1912
1829
121
1163
1208
363
438
1090
1025
1435
1048
1980
1799
3
587
1036
1780
934
802
1349
1844
425
1839
1806
1006
988
805
851
638
1835
1898
424
1886
1253
1837
1644
1064
671
995
88
443
429
350
861
876
1683
1796
931
1443
244
1841
333
1891
1704
256
1653
934
44
100
1906
1848
1777
621
473
1544
1728
34
1542
1642
320
278
801
248
480
1439
1661
1513
649
4
1477
8
149
681
1106
1931
1082
1521
1623
1666
1149
1005
1350
409
222
214
1807
980
73
1027
179
559
1185
1649
1284
1520
1135
686
687
430
802
929
213
446
1801
891
683
399
673
109
1657
1377
1688
421
1605
181
1211
342
493
1511
333
1202
309
672
1589
1336
190
292
893
354
1226
1174
1414
211
389
1320
612
1928
1913
427
1038
857
1248
1735
123
860
420
113
137
1723
290
1967
599
1806
275
209
750
88
1835
191
14
1297
1250
202
1133
775
490
1122
1032
993
1383
516
74
377
906
1836
694
1048
438
178
1541
1138
1430
1968
951
1213
1011
933
535
786
10
1146
183
447
1328
558
1365
1030
241
669
1249
1266
1970
958
1248
1589
295
1255
540
882
1538
734
866
1379
552
1737
1631
1690
1981
279
460
16
215
536
341
50
175
1129
1238
1083
608
1900
634
1145
325
651
1076
78
835
1767
62
672
1247
1690
1836
1833
842
139
1922
1382
825
1917
292
242
231
710
829
1528
1943
1568
576
889
1596
1960
1034
1221
973
480
1980
365
1018
1449
1900
52
1126
379
1985
1756
633
879
787
1591
1961
1
1899
829
276
1819
581
1037
1624
959
510
1071
1923
699
1134
1213
969
1633
1112
734
1457
1721
1940
831
703
1219
954
1090
997
1330
1267
789
591
381
311
1969
105
1333
1643
1092
451
1304
769
113
576
1009
1849
203
307
401
859
210
1687
265
87
1569
1663
754
1780
1936
435
579
1079
850
215
1287
1928
1352
553
436
366
1727
1854
1161
388
96
1693
1625
134
898
1518
401
1662
1915
1758
1447
1792
1644
1205
593
1802
727
1476
1750
1837
844
1814
1277
331
298
700
392
683
741
1951
1049
826
1949
1952
1641
769
623
252
26
1461
1506
1755
1354
1313
55
1215
261
936
1824
1254
69
1530
1458
901
740
1846
322
724
1117
384
1081
279
831
1319
1557
166
1826
246
1389
1384
906
471
1262
733
124
391
142
1509
1975
524
1133
834
1359
109
1313
866
1980
284
1229
1051
1597
322
998
1118
1189
846
1558
997
287
430
1880
1105
224
1721
586
665
1851
1324
78
1643
1702
1734
626
1434
1267
1009
546
264
1259
1821
1638
170
1749
13
1337
925
55
1546
908
1688
1306
717
1812
797
1904
677
1529
1531
524
1125
1294
1994
1425
1215
185
1022
374
19
1413
1981
1959
1264
1439
290
39
592
1037
6
1228
1112
123
1406
822
1661
31
1035
1845
1483
1485
454
744
1626
157
592
1996
67
1962
1982
1583
1278
1355
1990
749
103
208
929
748
28
680
787
1615
1361
1078
1132
874
1231
1765
104
1644
181
634
1941
1378
799
1573
8
1517
1142
968
1693
342
427
1219
1159
1656
336
1864
493
467
853
1130
1611
455
946
72
1560
319
1442
1553
1563
469
395
886
1437
1660
1745
85
665
1907
1815
343
347
941
383
514
1401
1040
1061
356
334
1965
621
1481
999
432
721
1403
994
1826
533
589
160
1148
1314
526
925
1142
1560
1125
569
638
93
1350
917
1204
1158
18
549
1154
623
1395
1464
602
1927
1729
541
1394
1762
482
1663
188
1683
343
1181
881
977
351
453
1446
883
376
196
1856
306
270
1756
251
286
1772
316
1994
446
1489
1736
344
1719
1648
766
581
995
386
1070
277
1496
554
1576
1365
345
794
1395
242
1203
960
1544
1017
1415
119
568
50
1068
1898
1034
512
91
24
1378
1879
331
403
1896
1473
1355
1105
31
1182
909
1571
251
1196
833
59
566
1031
732
40
877
1668
1296
732
139
15
1312
1847
739
896
561
6
1974
1619
485
1371
1114
22
91
453
201
535
1070
878
1444
1599
1677
1511
773
940
1958
441
1871
1819
1580
370
1039
1002
166
1201
828
1183
1815
523
783
624
748
1201
942
1510
1414
373
1246
1258
314
73
517
43
1401
70
1611
1604
269
179
1631
507
1295
1873
1809
389
330
1695
1837
1111
1579
272
465
456
857
1882
895
809
1907
597
736
101
151
206
64
1158
832
512
371
1450
1401
1956
696
884
796
1106
1593
1989
241
865
1707
1323
1364
320
215
552
840
747
763
1619
109
1962
1068
1579
766
1836
112
1294
1039
464
1326
522
573
198
823
1745
1513
419
706
1678
1089
542
1475
791
903
1095
1638
1978
688
1228
871
1556
1238
1527
482
53
1470
95
199
1183
1635
1376
9
502
237
257
682
1796
573
1867
131
546
785
949
809
749
56
737
334
1252
1363
1019
804
1012
975
423
1122
776
288
1659
1573
696
490
1440
1311
1057
675
1295
1999
355
1304
394
1084
595
1597
526
1398
1317
1968
386
1531
1584
1571
1269
1171
158
1072
798
1442
0
1304
620
120
1200
1902
367
125
1562
125
1059
1525
1471
730
1431
241
12
1052
822
1254
1501
1308
797
926
1184
1980
862
1776
1266
1871
1632
1219
88
1883
1749
1971
414
1577
922
1916
1699
1945
1273
1332
177
1016
923
318
1848
760
911
1701
1320
1985
1366
688
1659
79
1585
566
17
1991
217
991
1604
1097
1574
1486
26
1216
80
1616
687
620
1802
622
1037
1365
1920
1482
225
692
1547
1012
766
1772
313
1893
1708
1367
1271
752
1110
1213
117
808
1057
684
1754
1271
1738
602
1782
1578
372
1446
618
1596
1899
682
457
78
863
1407
1167
1988
436
796
833
906
1497
1736
1108
1802
753
238
1639
569
983
247
962
297
1220
69
1223
1138
387
1886
1649
551
1504
1537
468
1840
154
585
547
357
556
13
1358
271
1889
666
140
75
933
1982
247
632
601
1228
1206
19
813
359
945
663
425
1347
829
381
1016
304
1340
1565
1843
626
1390
861
1970
1283
1541
824
27
1436
1050
1707
1753
1886
158
1818
802
1764
1219
928
37
189
987
448
1720
1561
554
1811
1819
1680
1937
1333
1161
1498
1447
1033
815
1263
488
946
364
486
1483
1648
1210
17
1979
1373
742
612
138
1370
1234
1379
1748
1658
630
1340
1613
927
353
1212
633
1003
496
1894
1003
626
1280
234
1392
1294
1282
494
1326
1722
1857
835
1793
150
459
375
1988
92
1378
1221
192
710
296
1389
748
1129
1632
1441
1831
1610
160
658
1041
1642
617
1902
1821
116
899
352
845
887
1811
808
185
258
1861
1140
1438
479
309
1081
730
686
1982
517
1558
1607
475
1108
1572
304
597
1293
906
378
1383
191
25
227
1977
1474
976
1706
1846
1827
1029
1716
478
1893
1993
1144
1406
336
98
1825
823
726
1633
1516
432
734
1011
619
1796
1209
1642
1440
1730
1523
1484
1282
1753
1933
770
1479
828
1360
1231
126
1466
1501
4
36
1669
1529
86
1774
1053
1945
838
1396
1568
976
1932
1588
657
676
1519
827
1202
1024
751
5
788
92
649
1076
1897
1019
1236
1460
1062
1052
130
1246
324
161
1887
118
879
1469
339
755
1799
365
1961
606
985
879
1450
585
1983
1025
218
814
1892
816
964
1728
1485
1321
1618
1307
1891
1377
709
319
1353
426
1511
1177
889
1289
650
1481
98
1623
735
271
1723
1976
40
1919
1792
1599
103
964
1024
77
1993
1828
1059
1411
1088
274
254
1397
1483
1849
1122
1768
1986
927
1334
932
1568
532
1104
1186
1153
1382
1617
923
1231
1190
303
1629
1513
245
911
985
1285
716
552
806
1322
1240
488
1171
837
1992
357
954
1024
1831
63
677
1690
328
1665
983
1156
575
459
335
1715
1878
744
1663
1945
1352
705
984
328
1145
367
1744
1525
530
1910
686
177
1811
1516
1245
1564
460
383
1539
140
691
825
1457
230
516
302
819
7
1004
400
1933
72
1375
1612
1846
1759
1727
1850
1998
200
1925
597
1920
546
534
1987
710
283
1720
1777
463
102
1306
1495
1634
1824
1097
1570
703
1828
1784
1347
1030
1690
974
1875
1649
1896
787
1399
113
1259
1646
1279
585
972
685
176
1512
1702
456
1117
650
1349
740
799
1583
1454
1326
45
1737
951
46
1147
335
361
1
1110
729
59
1322
667
1634
199
196
1129
1794
1286
1686
643
630
1378
1099
1928
348
1571
1935
1306
1421
283
1186
1694
1938
1169
1216
890
624
802
757
323
1765
676
169
1267
1718
1403
486
1922
40
80
290
39
1958
1012
1754
1922
1478
604
544
609
226
1141
1879
694
668
1317
184
1954
473
1432
1395
1266
100
1863
587
894
306
1689
48
1334
660
1534
158
1491
1211
1473
1072
1852
1755
1896
1957
566
1585
497
350
1586
812
1443
1472
1725
198
176
1408
1349
843
1166
1709
140
1238
108
556
525
1013
1659
129
960
1339
1746
1952
901
1242
699
685
115
1029
240
1084
1346
1399
432
1759
1232
1084
1681
834
225
1335
1879
932
433
270
1660
1054
1595
803
1655
986
1010
1550
1930
305
1398
1295
1008
572
1533
326
1885
1096
235
1890
570
1995
1701
935
207
523
1736
982
903
1224
106
1132
946
763
94
1238
807
1543
448
715
319
1574
344
1403
1308
980
907
523
888
905
1973
1583
1491
1955
289
1459
1640
851
921
1372
1591
846
1209
791
1078
418
355
1791
940
563
370
483
1153
1086
712
1734
1248
1279
303
1305
1511
813
1581
1534
142
1163
136
355
1401
697
100
1367
1479
135
1654
1141
1838
472
387
442
659
370
530
1240
1850
1775
910
1262
1613
1072
321
1183
408
1698
1521
1997
1124
788
457
1053
1177
1724
297
515
404
188
1027
263
117
1443
1351
1274
1608
1162
1385
1919
103
1314
1743
760
1639
1253
475
698
1225
35
618
1514
1608
1910
761
555
1694
108
945
171
557
1686
443
1705
1741
1981
538
1030
303
570
498
1341
1326
658
397
1457
525
1409
267
1813
428
1373
1668
1268
800
1647
1143
753
554
1152
40
1411
508
942
844
555
927
1298
795
1311
451
250
998
272
550
384
1864
232
257
768
1674
1704
1193
662
1719
1176
1999
410
1350
1251
1293
21
1736
425
407
1151
1768
1670
1618
1610
1789
1394
551
1901
1345
1452
1633
456
1637
1689
345
341
646
433
764
1155
856
1760
1626
1308
1553
332
1604
529
1821
1215
627
656
1246
141
637
445
117
1424
1711
989
848
1446
897
641
1762
403
1872
1628
1820
1309
1614
1805
504
1771
1207
232
1154
1646
839
495
1657
586
83
1433
1398
329
497
537
1890
281
399
752
702
662
645
478
855
101
1555
1866
184
854
1939
650
1216
1197
946
1087
1295
1629
293
1225
481
1817
508
1426
61
560
1085
974
1510
629
1713
1709
1173
841
776
469
1614
1814
1890
289
296
815
1598
788
203
1801
1137
1234
547
1642
303
56
1154
1084
999
1933
931
142
688
1833
1932
1477
514
714
361
1303
1114
1287
49
1730
406
1235
975
1275
1810
660
84
51
1087
598
628
1431
1394
225
1569
701
207
805
1666
974
1523
396
1348
1739
720
1065
826
200
853
790
1073
1034
1406
1794
787
1767
1752
220
246
1536
355
1855
1368
609
1381
125
1985
1772
1767
351
60
1570
404
1797
1742
1146
66
182
307
669
323
647
614
1199
851
211
175
656
208
719
509
3
992
1241
880
1824
1018
1243
1652
387
1635
1537
659
1562
1612
18
325
153
73
841
72
917
614
1910
839
1400
1270
602
1703
1509
1862
644
1061
1314
564
1814
584
157
583
765
1364
1000
1026
1306
308
1292
846
901
115
1464
1671
1318
174
1622
285
1115
625
43
26
254
136
1785
1681
663
1535
263
202
1232
1880
318
817
532
743
1592
188
1724
761
543
1428
120
1411
1500
1716
553
1616
1554
1506
1999
1920
1867
1294
746
1702
1386
93
1170
743
1044
879
1601
1191
1188
1077
310
386
653
1707
1578
159
1073
789
735
1417
620
671
598
1925
637
385
1395
811
423
842
1023
891
1118
540
572
1108
1017
1621
594
678
709
173
760
1365
693
414
353
143
222
705
1180
1985
1785
1740
1860
419
119
1686
9
1678
1258
1743
1937
586
1725
702
899
550
635
1424
632
1222
824
1911
639
451
502
372
1956
1465
1827
1201
31
756
1397
604
1356
671
767
1830
1662
1239
1608
269
716
1733
1788
1371
1244
1586
1991
172
1526
4
124
221
316
771
1039
1913
617
527
1714
441
1565
11
434
1178
1175
643
1406
1661
1152
1023
1826
141
1363
21
490
93
403
1954
982
231
1110
858
536
1624
1778
167
1396
338
1749
601
864
1102
1453
385
1214
629
317
750
1785
1644
1726
956
1217
1877
520
85
1174
1548
1195
580
509
1419
1012
1797
1497
1712
157
47
383
1549
195
875
1317
700
439
1596
1809
742
1631
1100
792
985
121
1830
1113
731
260
314
862
1377
640
1370
1322
162
1428
1732
1013
362
1269
584
1712
1222
41
1204
910
1065
739
1102
781
1627
758
1286
1504
1849
1336
1836
687
965
1058
349
1794
1454
1666
1133
745
646
1924
163
1434
898
1380
268
1620
1458
1385
142
948
1557
1083
1331
692
653
822
601
1186
752
1775
959
922
671
449
1851
891
651
529
329
380
1343
1520
1006
1729
439
402
1927
1675
1390
720
337
1559
883
928
1121
1635
242
1027
606
532
1578
1692
1776
1371
463
673
389
1072
8
392
1673
1247
1994
1245
315
1677
1912
1486
974
1119
1934
888
993
1357
1931
418
1790
1876
719
479
1254
302
1180
95
588
1030
972
93
275
334
684
1941
586
638
1382
1277
1488
1281
453
852
963
1858
1629
1540
1792
412
1068
207
1603
1423
1410
1241
1320
1376
435
777
1124
1917
1469
1603
1530
256
708
600
733
1195
1140
1806
1285
1984
1340
9
897
1524
994
624
1010
1444
940
834
1580
300
16
1691
916
1095
243
1259
1452
395
1343
733
1093
869
1387
564
642
265
683
1014
1073
1485
251
414
1574
1589
152
268
1372
1454
281
1908
1194
530
1866
1200
445
1231
1410
810
1174
1966
1842
7
1533
82
1189
646
865
119
1428
155
1142
65
1966
565
1173
337
994
298
1453
12
504
1275
256
953
198
1427
223
1625
1868
1694
615
674
486
1500
406
1838
1335
23
1664
112
834
233
576
182
187
1768
1801
1888
235
1331
809
1193
308
1005
466
1058
1964
1230
805
1855
100
1874
511
1630
938
560
808
393
240
568
1059
1472
1184
305
388
1422
1945
836
1419
1542
865
252
637
308
1480
64
1885
1236
1132
1214
1261
1807
1032
505
648
1532
2
1462
1423
1487
966
1723
987
1677
1745
916
482
406
594
1407
374
905
1436
82
1097
128
542
1439
1741
1661
1162
159
1772
822
787
46
1518
307
520
1875
1166
613
1174
1554
718
287
369
214
313
322
1301
1480
1297
1193
1890
1242
1402
213
1430
822
1458
168
1165
1882
1525
1776
1967
556
1547
429
309
1774
1150
303
1300
1249
1105
393
1689
210
1100
1306
119
622
159
364
1854
92
1791
551
646
741
1046
194
947
216
224
1151
383
443
50
565
1812
1943
1484
1575
1446
1349
1273
777
1165
1291
1562
864
689
1813
663
618
408
106
978
223
1000
394
1318
1486
770
725
657
1936
218
1145
1096
1980
1673
1757
1069
1239
709
1646
163
1678
1282
812
1471
329
833
1894
1724
1144
536
294
1684
19
1056
1088
117
977
1805
1846
651
338
1852
1400
1430
1522
111
1582
939
1998
1224
814
1366
132
1112
1905
1861
1415
1069
1398
774
1551
596
782
838
885
1837
968
495
18
21
1814
1845
1272
795
1353
1109
778
1855
1752
1074
1424
546
1339
750
738
1621
1021
360
743
1743
1599
1794
1687
1230
1001
1484
1271
1061
1347
202
1853
1169
1182
1400
527
1322
1018
15
1315
1852
1750
173
1002
1636
114
838
1813
701
494
178
179
285
649
177
1748
1176
828
1607
499
730
1078
1537
1821
1178
834
593
680
659
912
1611
1196
1075
1453
992
206
481
422
1011
41
1127
1996
1456
1120
1432
698
356
1559
870
751
1435
1218
1029
800
32
112
616
1866
1641
922
1939
990
331
935
823
1444
1092
907
412
674
48
176
1106
730
1323
1918
1657
1050
1482
1153
1601
33
1872
1095
1793
564
757
1921
1773
874
1942
773
1083
918
999
398
852
664
1753
162
1421
1747
1388
746
352
238
178
239
737
665
1332
400
1244
1923
714
1427
721
1218
1031
820
1901
1337
1069
1990
1056
2
1671
146
1111
1328
485
1343
1437
1208
1101
621
186
527
1977
186
695
875
1384
503
642
1380
741
986
1958
566
1052
656
506
215
1455
894
1532
435
81
1712
289
833
276
7
1738
1815
1421
286
884
756
246
1157
76
912
71
945
1310
1147
1760
1747
1549
1921
981
655
1598
1425
967
1372
1007
1940
839
1571
3
1051
1514
644
1242
1511
982
948
526
1154
1438
231
1119
354
187
1955
0
1083
205
841
1480
197
1952
1347
965
78
18
1748
537
332
977
903
1240
1598
1477
236
722
948
1782
1807
882
1397
1758
1606
75
1963
407
1705
236
1123
366
1001
1541
1973
348
1257
957
1606
340
210
1584
1217
1325
564
1278
409
1722
1026
577
596
125
691
909
934
1814
1212
1532
1210
1500
245
1859
961
1168
1741
1957
1410
416
737
1711
1669
665
297
705
398
343
1467
1075
709
1541
1292
501
595
794
44
1594
1858
1171
605
1564
1310
282
662
1769
889
725
1583
1559
336
684
1777
867
863
729
915
861
857
695
256
1161
727
471
1892
1649
43
1005
1738
1719
1531
1992
1050
94
670
866
1884
961
1367
1667
477
1233
1711
1461
1192
1121
900
470
1249
1971
1805
1880
1104
238
910
1690
217
1195
337
1864
915
881
600
413
738
1467
1009
362
284
1579
552
1715
877
1906
1025
1767
990
1666
1552
1368
666
1682
52
474
1455
153
195
1698
488
1460
1206
1130
1601
1125
355
1305
263
1165
709
1238
1737
819
1202
1015
961
1240
1288
342
300
31
1472
1386
1236
210
295
17
1232
1669
1948
510
1449
1727
1633
1631
389
1788
335
1192
510
457
1302
1576
1921
87
309
1104
1616
353
1908
1374
226
868
1120
622
239
512
1110
1635
912
207
1735
243
1995
346
1414
1620
1714
1
1564
26
1740
1155
708
1234
723
1716
900
568
512
23
806
65
1298
631
52
110
1590
1971
45
1257
1801
714
761
1172
1325
1884
1590
1894
600
481
148
664
811
1505
1149
1364
150
537
1491
1931
1437
690
1512
437
417
391
826
230
1667
1405
276
204
578
1954
45
1645
1100
194
476
1040
998
832
1286
340
271
1665
115
534
1897
1518
753
1153
1081
1109
1847
1546
1746
146
1487
1060
1284
224
461
1325
228
923
1041
549
807
1136
905
1762
1366
1392
1096
74
186
1477
898
241
450
328
209
96
122
654
1560
265
952
1951
382
384
1474
177
1877
80
1197
1055
1589
441
1129
1787
1684
742
1847
1374
827
1795
1386
1207
1131
1386
1366
1825
371
1923
1393
776
1188
911
337
1521
1601
1168
504
1190
1714
1669
1554
492
1359
1307
1165
1043
434
1321
578
979
785
1813
610
654
1897
793
1058
1760
461
655
1415
228
1440
155
20
1842
246
850
144
1960
123
810
677
230
957
1593
1827
206
531
1886
310
1871
454
1088
627
1963
156
1358
1903
1534
30
751
1685
1274
1368
950
1212
258
986
978
1032
390
1094
935
666
892
958
854
1835
861
1719
1841
1975
1110
389
1190
519
588
1148
1512
405
620
84
485
1771
1091
1332
1552
408
1234
767
1388
900
559
1063
1503
1010
725
96
1702
279
341
1192
1741
175
1822
1954
571
1962
1381
1722
1762
1660
1567
905
380
1257
1428
1798
1504
538
189
538
1856
367
1854
537
87
270
826
70
265
670
747
1856
1381
166
1798
1801
1335
121
1278
966
197
755
1227
1942
931
1379
1061
1565
1279
81
400
746
1762
790
97
1968
1417
1643
1171
613
838
1043
987
1296
1071
667
617
1055
405
784
860
578
973
918
468
150
1808
77
219
1729
792
219
1983
1036
1934
1994
1155
75
1348
1810
871
218
615
759
1910
1252
1466
570
1015
857
201
257
216
266
378
1688
633
720
212
1969
445
1237
52
831
657
991
1356
1505
1868
644
1567
229
717
10
1051
1303
60
1865
1079
491
254
1467
144
728
1953
1586
1425
483
1567
306
1598
76
1291
1888
1902
194
206
793
870
1978
1094
820
1197
198
673
913
1685
540
99
1181
1828
1948
1349
848
1419
218
1774
1976
528
1344
1823
20
950
1353
1324
1600
1318
805
421
832
1050
1174
273
1211
259
1710
1239
344
213
573
605
1929
122
841
315
529
1789
1865
914
1063
1463
1091
1302
149
1441
230
668
333
1464
981
84
1566
318
1192
1946
1494
953
1968
1005
126
1701
1000
42
1494
222
1210
120
971
827
1007
1175
1152
1695
829
349
366
643
979
59
1247
938
440
462
1205
1481
1685
1899
687
6
1415
1097
962
1839
1006
1452
138
1898
1939
65
1732
1464
5
452
204
1667
234
1966
1676
1182
1991
438
1731
248
187
1058
1706
401
456
1780
1973
967
408
1657
381
1592
1932
1928
718
579
1004
1538
679
881
1101
885
1675
480
1206
623
542
1733
1614
1177
109
1211
1220
71
982
1092
1461
1156
1623
1763
411
1591
1656
1804
1246
707
676
1268
59
289
1670
1609
1975
221
1543
410
1465
369
1375
128
1356
892
1120
1526
971
321
252
515
1411
1692
1830
1895
113
1474
1933
1223
1792
1735
1478
1503
1264
988
1948
1203
152
697
1022
314
1713
437
960
1798
800
1691
1036
148
1704
1367
1466
571
639
1161
685
1289
1393
1437
1636
877
1681
76
1019
216
336
1891
514
333
172
1843
907
971
1567
431
1172
4
95
1378
693
1380
37
1003
713
660
187
358
1410
532
1523
130
77
105
1668
1957
1369
882
1525
393
1070
572
895
51
1687
955
1926
465
1030
1276
436
212
359
420
1484
1689
1049
181
253
1816
1872
139
1016
825
744
1
753
1011
99
735
951
1542
1997
1432
1262
479
428
652
881
300
323
1703
1062
161
402
1261
1131
325
220
769
1256
1318
1202
1527
1329
1452
296
1817
1262
1656
1140
1135
257
266
1159
1233
1200
288
547
548
1543
731
809
1928
306
1979
1368
661
728
1187
786
972
1127
315
1516
299
1522
1292
1890
1542
440
779
1127
1671
165
1225
453
421
1449
1093
967
320
1067
226
281
707
1273
1830
1503
1402
1281
904
954
358
1942
1194
1224
944
1010
49
51
1593
297
859
248
1527
501
1221
1270
43
1433
1964
1142
130
859
1717
1964
428
1451
880
1818
639
1587
887
563
1385
645
513
625
471
1818
1874
516
1820
121
1057
1320
961
1973
1256
780
959
682
662
1221
616
94
830
995
1156
1418
1220
757
434
561
4
49
470
1272
1303
397
1354
47
1623
352
553
1416
1213
35
1738
995
1912
1940
864
1404
170
790
967
1706
244
1449
133
1005
1146
1454
1724
472
739
1523
223
280
281
1355
843
1627
399
1970
878
534
1889
199
1482
1199
493
717
216
107
1466
1919
347
690
1260
734
1740
1984
1273
1047
1231
1249
700
398
738
410
1944
1807
943
697
1566
114
652
99
973
775
162
1582
1536
919
1065
1512
1599
356
1568
1435
1159
1924
1806
994
929
1369
652
1798
86
1645
1812
1898
803
1476
1903
1800
134
1986
1754
196
1884
1889
286
24
585
722
578
1784
1448
1216
1617
145
929
1902
1527
417
1342
1608
1816
1537
508
533
606
507
781
1837
706
264
706
238
659
580
849
1280
1047
60
559
1597
1343
1396
193
539
734
1534
899
431
46
1540
666
1431
1790
429
610
1107
287
122
1950
390
337
1677
534
1711
543
757
489
1186
851
135
1135
708
1852
279
124
1920
1090
129
1038
555
1189
1282
14
247
1913
1171
1420
724
1549
1523
429
1615
1166
1903
1014
1160
1617
596
1477
30
434
1321
869
249
1811
598
1827
1847
1734
220
654
164
281
424
574
1893
283
1679
1935
747
1255
38
1732
1757
386
293
82
336
1996
261
772
992
1062
208
1708
1592
1957
1823
1992
1941
10
254
1798
212
116
721
1052
440
1033
193
1362
107
458
1022
1043
448
949
1650
1331
11
1105
1886
1489
1972
953
1177
884
136
1138
1783
887
1647
575
154
491
1771
1867
1756
717
1947
576
736
587
90
1034
1276
1024
518
345
1873
1198
1187
862
597
202
1628
840
1655
736
1918
1929
380
1921
154
966
1713
416
273
1023
1039
1494
901
1725
1865
1936
541
3
613
343
1463
881
1640
1699
1138
1676
1966
1976
171
444
1059
292
1744
568
953
311
364
525
124
1203
1778
662
675
928
163
332
1946
27
683
1846
66
1252
1637
1137
1506
1514
261
1490
1925
491
883
591
229
229
1889
792
1350
673
896
1175
1445
118
411
253
1103
1333
703
1438
506
1766
693
763
1391
989
1668
208
679
1205
1658
1752
1393
796
381
1687
1197
1169
1679
341
1004
945
36
82
183
1412
1929
1713
268
626
644
824
678
930
791
1199
1605
1644
909
431
1565
968
585
1340
73
1943
794
420
486
331
1106
1924
398
1940
973
1312
1898
1551
1672
1468
301
386
1255
1674
827
481
918
312
423
1423
1566
422
1416
1822
1128
612
919
1963
557
1487
812
350
390
464
1222
1813
205
539
856
950
947
510
1175
7
83
1816
801
105
1476
433
1312
1143
557
1251
1942
13
452
285
1017
823
159
964
439
311
562
655
380
467
762
1395
559
1493
958
280
1285
1447
1533
1068
1625
1340
672
260
1033
14
1656
1699
83
632
1972
1473
267
1399
1418
567
963
53
468
484
1179
469
819
1382
1950
339
1263
1312
1701
930
349
501
509
933
571
920
1799
1672
1918
843
716
1128
1504
1934
680
1126
365
81
610
391
264
19
262
1948
371
1601
1188
1190
539
1363
1158
291
1261
1622
611
431
1639
1375
1804
1638
404
529
1822
1894
1880
1718
443
406
1359
1089
948
1243
378
1353
1116
433
714
364
258
62
1779
395
1810
1424
85
667
1967
1369
1748
1396
1303
1296
692
622
865
1259
1178
1431
1200
647
1947
1234
44
269
1990
1111
1976
1892
1427
1971
1453
1799
1763
1843
637
807
925
180
914
119
1129
1971
1679
1016
251
30
623
851
1342
249
1013
1507
454
1769
32
533
144
260
1311
478
868
815
678
1119
910
1786
447
539
390
71
295
1073
1101
1766
1965
491
1299
1844
1832
376
1929
367
1155
1284
1047
1492
1517
287
937
1938
755
1802
696
1694
888
229
1887
1089
1139
1655
845
55
1034
1237
167
1737
804
450
1570
267
1754
1834
1013
1108
1761
1079
129
236
1071
821
1572
773
1416
200
752
1581
983
413
16
305
1357
759
706
742
359
836
1199
1780
1078
1781
1691
613
1287
194
1584
1622
1353
219
778
396
25
1029
1301
887
1318
1064
1664
1786
836
1226
1861
1643
1504
1241
1936
2
857
975
219
601
455
1897
1555
328
1380
1653
1385
739
1700
920
272
970
125
417
1815
1743
1074
868
1127
1492
1602
1628
1987
484
139
1791
1731
358
1675
1606
39
1989
711
1307
1319
1227
1978
719
1185
962
1432
1053
905
1606
1371
911
789
1685
146
1520
1186
1935
1173
1441
499
79
1545
1962
1706
1916
1918
912
723
869
1849
1871
1389
1538
227
547
47
102
289
472
1620
801
293
53
489
496
749
1253
1630
549
133
1557
68
674
214
723
298
1152
1909
1640
1099
1553
1978
602
1121
507
5
996
1229
886
518
540
52
487
328
1726
1787
233
971
1916
1853
1941
1412
1977
1755
1076
178
1251
1562
475
38
1806
784
345
1698
1741
428
871
469
1492
1983
1851
1564
691
1329
1782
351
1232
1210
1634
984
476
528
845
87
500
1179
875
1086
899
1433
1561
1041
1308
135
108
1363
1055
533
350
1099
868
1753
930
470
127
1697
134
321
1758
1003
672
1167
580
1650
387
496
12
1848
450
1699
38
417
1615
1772
946
267
1242
849
234
1032
624
1086
762
1626
1781
870
764
309
175
1822
1388
1027
1416
42
449
437
1301
114
1321
545
1220
1310
250
1747
282
156
1180
629
1997
71
1632
35
35
1111
1471
932
1329
957
701
1323
257
1355
969
1624
1926
902
1014
412
270
396
1666
1996
475
1468
719
1914
628
984
1588
692
1728
1112
166
20
1067
939
1036
1862
1397
483
404
583
1066
577
524
1569
850
314
180
494
245
844
404
1763
1610
1691
643
1198
1168
680
1967
855
800
1636
1576
84
532
145
462
828
1953
349
1612
1239
963
765
1895
860
1334
1640
370
288
1242
275
1769
1809
1478
1321
1448
1264
1214
1458
1546
1490
1407
1364
648
1289
1038
955
1144
416
1684
1151
515
108
407
29
1419
913
921
1620
745
957
604
699
1842
736
1735
556
1603
589
262
1313
900
1956
1784
658
1653
1087
728
667
273
128
248
1592
697
1176
1847
211
399
450
299
1483
1672
1531
149
943
1662
1155
1621
567
32
376
1284
1392
1265
225
545
565
1442
1107
886
863
1017
1519
997
442
1428
864
743
1026
1992
1465
1409
916
71
1041
1652
294
1361
894
1919
519
1088
420
1796
876
1544
499
1915
486
191
863
1039
388
1190
137
538
1607
742
766
132
925
1263
865
1338
458
237
56
1144
686
402
189
782
735
910
718
195
1926
1475
1431
1747
786
76
590
685
1573
95
1341
38
243
306
1298
519
1302
1508
1584
1048
608
1524
263
777
1888
545
681
400
1118
1575
498
1795
720
1430
1664
634
1150
1974
1995
1325
182
204
1998
1108
1770
6
902
1970
1904
745
143
1332
713
1863
190
1342
1293
1250
259
1450
918
1708
1961
710
1610
1104
342
688
1536
1630
1230
955
1172
316
518
1123
1035
1497
862
339
1006
1729
1545
553
1935
1647
1577
255
582
1262
653
1272
1742
563
700
1791
1641
1600
488
972
1835
998
1930
806
1391
249
543
1995
1193
410
449
544
1009
441
343
525
620
1692
114
1465
1702
886
1053
1427
915
1413
591
368
1530
989
766
1727
896
1454
1421
143
983
1214
601
123
702
1405
1448
1566
1338
707
1757
1211
220
668
1472
543
1447
970
996
1646
1134
780
1255
1480
1720
536
593
696
74
487
1429
1658
1533
164
866
1074
92
34
1563
1031
1200
7
1964
1960
373
1548
227
1343
1948
573
780
1187
874
112
689
1930
1704
1514
1866
1695
447
689
126
1959
321
104
1360
1409
1020
1297
1229
132
1875
606
705
1433
396
1468
1410
988
1126
165
342
1117
144
350
562
640
1414
1729
1832
415
953
1218
1539
145
325
1175
923
339
405
237
1064
564
1543
917
1070
1594
357
675
803
1028
621
116
1162
1347
1080
897
1331
505
1986
1531
294
467
599
747
1613
1812
1149
823
1842
885
1930
1834
1251
1770
1460
655
1658
818
1651
1004
818
996
1676
68
730
64
1535
1672
162
1182
63
775
1818
304
703
1870
1844
665
952
642
913
160
1316
1552
307
679
1862
949
1055
360
1761
97
664
1201
430
1612
1047
1085
89
1513
1711
641
1354
1443
60
669
957
186
1371
1070
228
416
1045
1096
1264
1042
1040
1294
148
1404
1035
1646
1252
1752
1982
1990
1288
1278
1144
1327
1338
1187
1080
817
804
1020
24
611
506
572
1327
609
926
29
767
1857
877
535
1095
889
1361
1634
1003
965
242
1259
1651
1746
590
936
1595
1240
1513
1658
85
470
479
1505
1829
655
192
474
464
1170
1256
319
29
338
1793
567
1880
1716
1685
1958
412
1670
1198
181
330
140
1769
284
54
1560
1134
1510
1351
847
1764
1800
836
520
1264
1585
890
1330
1883
867
507
1279
417
1643
1671
323
575
185
619
1255
424
919
1705
810
75
758
62
1650
57
596
1839
291
1899
1390
291
644
1878
941
1715
596
627
926
1773
768
1578
238
1517
474
1938
231
371
1445
695
1025
320
1479
1485
765
1179
978
1708
214
1246
280
1918
1355
634
1348
1547
1263
277
1714
1627
714
642
818
1396
694
1760
168
37
530
1551
567
444
847
937
252
1942
442
1552
1123
1273
1803
1923
1389
1331
1777
508
107
715
1508
722
1407
1607
465
83
1869
1487
1631
1375
853
1456
1795
1198
1011
1946
55
422
384
1291
1926
774
1081
935
1336
1488
1277
647
1703
1072
562
1393
867
443
625
1820
607
833
1073
1045
1479
467
1075
628
1707
420
1723
1493
1662
1046
1121
521
1044
1590
724
611
1639
214
1098
425
239
1524
85
102
1275
79
1134
110
264
1060
1771
388
347
374
1115
1575
840
924
484
767
62
767
1150
1650
1878
1202
626
5
1657
1282
1924
738
1346
1838
1260
1137
1652
348
505
283
330
855
458
839
872
993
1908
1840
1858
1586
584
1695
1730
1153
263
223
1274
1938
1470
751
211
874
1350
1882
360
134
1687
1137
1075
784
451
873
1731
795
348
708
96
1697
1638
1250
604
290
341
122
635
1688
1499
1145
1570
188
870
1393
1618
1981
1637
574
505
461
406
1766
1426
609
821
579
628
563
1919
907
1076
1289
900
1907
816
147
903
90
207
1571
1596
1093
1134
1900
844
856
1528
174
1561
1128
345
285
1959
511
732
512
1392
77
565
785
1789
736
1551
954
77
1587
810
251
1720
1356
1286
1475
1539
1751
1118
36
98
1177
1863
939
1046
1789
202
1993
1602
683
830
1680
1152
34
137
600
1281
1315
1156
917
158
258
1329
353
619
807
919
1804
1432
1301
422
913
124
1309
363
1915
407
1228
276
1802
565
1575
1703
1750
407
861
704
201
300
1841
1488
267
876
852
1686
1372
212
1341
1191
1209
1917
1121
1669
1736
1629
809
1083
1707
1858
357
0
871
1463
1243
1881
1369
1835
104
1435
447
856
5
327
67
1498
423
1545
631
888
1244
1676
872
1515
1793
1993
1580
1518
1116
694
1693
1648
919
1253
1178
1619
1909
126
430
998
1522
313
354
1164
599
1585
1074
132
1438
1654
1158
360
1757
1046
896
1067
116
959
1143
1676
222
1609
266
1834
1381
780
796
1141
987
1812
1534
1139
1334
747
1207
777
902
180
764
1675
1897
1162
1704
1207
1598
110
1664
482
320
1851
666
153
597
1307
731
849
1788
1156
739
1107
14
1142
115
1461
1622
1235
1054
786
1462
1987
485
1280
1404
1496
1365
1256
92
521
1096
940
671
1042
1048
1912
858
78
1360
1766
511
141
603
1873
617
1209
1258
1289
759
1206
6
374
1783
908
1859
578
1192
1465
466
1212
1045
1254
1245
1467
1769
999
185
935
619
156
490
1304
1732
1914
1451
1611
461
40
33
1429
1276
1860
476
111
1634
47
1889
1509
557
1387
1811
1086
1970
1973
582
1143
1901
1173
69
1330
850
636
1609
513
1864
101
385
1972
785
1001
216
137
741
68
1266
1870
1878
1845
1684
989
842
1009
1268
1950
1878
1237
1290
1721
189
802
327
904
327
1459
616
1563
217
1787
1853
634
1159
1139
528
239
349
780
1244
952
1376
569
1
615
1042
1829
783
1265
69
1773
641
1022
1599
1220
821
702
144
990
1892
436
1775
291
327
222
786
1540
1345
759
146
1824
768
550
451
729
1649
118
1290
1856
38
269
1726
1724
1462
757
1909
1170
1212
661
1913
1763
945
1385
511
1230
1808
89
1754
799
1718
593
997
1147
317
622
618
1709
1021
1476
308
583
977
448
570
127
318
1359
761
168
1311
716
1496
854
1252
1906
577
414
1786
1065
572
99
1853
1507
460
778
1163
1773
312
1522
1786
297
1103
1715
1572
723
326
1786
48
1359
1498
131
856
636
1857
588
984
619
1516
797
421
1981
871
39
146
225
388
1493
1881
1047
602
445
1765
1645
69
131
1235
286
1526
800
47
271
1778
255
529
104
1037
777
1345
599
1621
1986
1191
1577
35
1926
419
504
376
1679
432
1528
1834
942
392
1528
274
1111
965
653
544
521
161
598
852
1525
629
552
228
190
661
49
1457
607
266
942
165
284
377
799
327
1555
1751
1908
1045
664
1521
203
1779
1184
371
1489
1184
201
1904
1416
593
1498
1063
1558
1949
1985
1965
294
1931
502
1506
519
522
1283
1752
1683
1549
163
1735
1167
496
431
1494
1945
963
43
1854
1275
197
269
1183
1425
1434
648
167
57
1302
1357
938
964
357
1709
890
1817
444
138
1600
1923
1983
1529
89
1463
782
1519
37
446
726
1362
457
313
944
1972
922
172
1694
440
1412
1346
589
145
1969
141
402
1419
1010
1265
1370
295
1383
1516
1185
941
234
633
1865
1691
1304
98
651
1404
48
1750
1181
465
1459
1486
618
1195
1584
1758
1944
1173
1319
121
1532
1902
1793
727
20
1725
937
293
801
1587
670
429
1679
773
1759
346
1572
1316
1759
66
1172
1086
1809
1469
340
1684
790
1276
735
1286
909
1322
1118
148
245
1670
1626
474
541
1574
118
1641
582
453
1122
1937
13
1320
1895
1324
1697
816
1325
637
793
500
1411
639
412
1408
930
1379
199
160
1777
252
1228
967
1501
1357
11
863
1770
1445
1834
158
454
167
348
243
516
769
102
1058
921
1488
285
471
653
1333
33
287
614
675
1839
1508
502
418
164
1615
485
797
1308
109
1373
707
743
353
1354
1508
758
1638
1257
850
920
1776
603
738
858
401
1949
1295
1867
1739
1029
1270
862
129
74
91
890
1187
792
1194
1810
127
258
147
771
1418
1309
275
830
1955
1893
1951
381
1335
72
772
1352
206
423
478
1582
831
1659
483
661
816
771
346
298
1258
1932
1429
625
1856
171
361
1037
1290
1554
1291
94
1849
278
1400
1471
368
1952
1703
779
373
1384
1249
477
605
882
1028
473
1767
376
100
1358
1903
1831
996
1544
1217
312
1303
1790
260
690
697
1057
1136
168
804
1632
382
679
1023
1113
1825
499
563
545
1492
1673
1268
789
1299
506
1789
232
1828
1527
1573
1338
1515
459
403
134
1576
362
516
1116
1135
129
576
1552
525
647
670
873
1193
1271
1154
741
1028
182
546
448
153
65
118
1491
1517
22
1362
1260
1157
1327
914
954
1689
301
120
1958
1665
246
614
1028
1875
220
1722
1417
1548
763
928
591
424
1095
890
1160
1572
1310
1730
1015
676
1884
548
1413
1912
1490
1066
682
772
81
843
548
725
530
250
489
1845
713
25
1433
895
1885
58
1738
308
778
1633
1697
1733
586
1002
783
1558
195
197
1670
1374
1044
723
455
166
583
1444
1995
691
53
44
36
1637
1451
684
1462
1489
58
128
1932
1205
373
944
1569
1383
939
191
1373
1795
46
656
1309
1539
1337
837
758
494
30
295
1219
1869
274
1803
835
1104
952
237
872
1444
937
1194
379
387
1422
153
277
226
1090
1280
1082
87
378
575
1077
1808
893
1094
1817
1287
1773
472
811
971
941
1348
988
966
1074
920
15
1946
1765
544
1218
493
1541
1351
728
926
1113
1988
30
1863
847
26
441
966
1408
152
762
1196
1468
36
130
931
1098
1268
1299
90
1071
462
184
656
726
898
307
1422
1873
57
1731
514
1764
1744
201
332
1218
1401
1256
475
384
463
1382
1648
135
1901
654
1084
673
1285
338
536
1474
1089
105
1742
992
1006
1288
1934
1361
902
209
492
1582
896
1115
324
301
472
711
1792
1266
860
1116
543
42
504
920
1751
1269
891
1903
1387
330
21
1721
170
1109
1992
1131
1502
68
1537
1603
1317
1360
1667
1639
932
1472
784
1869
89
795
1109
630
1875
1597
1713
1615
820
132
1838
933
200
704
483
1605
167
1953
1933
1663
115
390
33
296
1947
157
600
943
645
1588
367
694
687
745
1986
1844
1910
143
1339
925
54
1033
3
695
426
1270
1734
1838
1498
582
1481
1165
1327
1021
382
902
1595
177
636
473
305
710
581
835
1356
96
1597
985
1914
947
237
1960
1490
1542
1151
1267
1137
556
1469
1495
1637
1831
1674
1455
1539
1002
860
640
1681
1605
1402
1300
70
976
1310
334
555
1782
711
1946
1491
1613
724
1398
1330
368
1974
401
688
1409
1784
1099
842
1578
630
763
1449
553
1823
1561
1397
276
704
1682
698
1954
1950
360
740
413
560
1965
1257
1164
1476
56
298
528
535
1140
1141
1027
1031
94
972
811
1885
1797
1208
872
1366
933
1160
219
1979
1742
1499
1796
54
569
1293
931
708
993
1617
951
1739
1260
208
1425
174
203
1044
200
137
1125
1300
86
1900
286
172
599
1442
1728
503
649
1888
1426
1828
1164
1545
1415
310
701
722
884
394
477
729
737
193
199
139
1501
0
1007
277
1237
46
1553
27
1223
605
377
638
1509
1594
1065
325
1569
288
192
506
631
51
19
67
291
1788
101
1936
39
1297
442
740
520
1429
1346
1292
1251
1203
1426
1820
491
1012
854
310
914
1863
1176
34
1227
1743
408
1468
705
1507
798
369
1115
470
268
1944
660
608
658
501
1922
1126
161
1448
1604
608
955
589
526
1826
150
346
255
362
223
1556
758
1241
41
1180
1864
1836
1087
1341
171
885
347
1693
1885
1170
1588
1518
1712
280
1222
1057
179
1184
1363
1929
1026
1939
1893
364
1761
359
1243
1911
1019
1367
524
577
1062
1998
855
1374
770
1391
1341
772
1553
70
790
1414
1655
432
1607
560
312
91
154
1728
1761
265
549
1417
1551
611
449
17
227
1710
9
1188
612
1563
1612
1883
418
1043
1755
425
1405
173
904
568
1623
427
1696
1455
1376
1555
1241
1941
847
1904
805
868
849
539
1850
501
1324
798
1858
1778
984
1872
1987
1020
1590
232
1782
799
1587
1451
1463
481
1185
157
97
1181
1616
60
845
103
691
184
452
778
1345
640
1499
1093
290
522
912
904
315
1280
548
750
1744
720
916
1157
914
1988
869
1114
1019
625
1314
323
1653
647
614
979
1127
712
1999
1226
849
1445
105
240
729
1717
498
1760
955
815
106
594
1470
231
934
783
793
1281
1094
250
1316
715
204
1937
1982
839
654
147
1143
1651
54
1418
145
179
1116
1896
173
939
1990
773
113
1336
331
1922
477
1662
183
133
211
471
1876
981
838
784
1204
415
1577
973
352
1969
1227
1810
574
894
439
1243
820
1503
465
1369
986
745
1815
968
1064
889
27
558
1344
1399
1517
1698
650
1533
547
1023
259
663
1158
1947
395
80
277
1911
531
1145
1884
684
107
1964
1602
986
1557
1053
1317
1775
587
1377
1160
1852
558
819
1495
1804
1730
326
535
574
808
1896
917
1678
703
169
1940
1519
664
445
468
577
788
103
136
980
1816
278
340
1224
1434
1543
500
1991
904
1823
571
1930
1090
1751
1659
1056
1653
1402
1879
411
1283
892
1567
531
1781
130
1026
165
492
352
487
503
515
1920
1497
1955
365
1407
1901
369
1625
1895
377
674
1718
120
1545
981
1390
32
1123
1795
582
678
304
233
1114
484
1654
1547
466
1422
715
869
1373
1951
711
961
16
821
1746
782
1655
1721
1229
97
283
1510
1861
932
278
571
168
635
581
279
1439
1698
427
1700
1820
1522
1087
478
549
1882
718
938
674
1339
480
1505
1270
1503
1300
541
294
311
468
1150
521
1351
1674
980
1508
1868
240
1159
29
1233
1339
1018
1582
915
726
613
526
776
706
1269
434
104
837
1204
1755
1172
721
180
1319
806
641
1016
1914
555
1299
1785
1441
816
301
815
1895
185
1530
372
1236
1131
1696
713
1284
61
927
1486
1745
1507
41
1937
442
1907
1905
975
853
241
1420
1225
1150
1844
1750
515
681
1779
854
817
98
1358
806
1916
1984
1872
361
1101
765
288
883
1696
1092
934
893
247
373
1483
1319
1984
968
1526
882
1102
1564
182
722
1654
1862
1233
1312
1860
1328
1033
317
1500
927
970
49
1466
603
855
944
1422
235
1692
1080
1951
1051
1874
701
1328
811
1927
1881
1873
1616
1235
2
1315
969
1611
775
61
1389
217
643
489
1805
1128
1860
464
1550
51
496
1581
1807
1075
771
1794
522
1680
700
193
1067
1413
1540
1417
192
188
652
228
356
712
1520
247
1288
1845
615
45
518
1758
1120
791
1004
1067
424
363
1329
756
1908
960
245
523
191
1618
631
1791
1487
41
983
155
760
410
12
1138
770
1447
57
458
876
393
273
1983
1882
1625
116
825
1883
63
498
244
243
1619
712
804
713
785
981
824
820
1207
444
891
436
170
1050
1950
1927
505
1133
1091
551
1766
1352
1905
1771
304
1213
1733
754
1859
1915
1626
233
249
1421
1157
1628
1746
517
1013
1515
169
1595
1164
867
1490
1949
1315
175
1870
1520
817
154
1097
1602
1077
268
1391
392
798
232
1660
1917
311
1538
1521
1887
1577
837
1924
1905
31
107
1680
1627
1722
9
748
1887
764
477
1045
1069
1854
1570
649
1082
1674
979
548
520
949
1437
1222
523
205
270
67
517
959
284
1989
224
1787
493
502
22
898
358
379
23
1635
1066
621
990
375
480
1682
642
988
249
1825
106
174
262
1457
164
321
1250
1677
693
1799
1953
1656
631
302
1098
1068
782
1093
344
83
765
1925
1642
1563
1652
1927
346
358
1779
991
1375
1163
1054
1204
970
467
538
1206
528
1346
774
1868
1224
366
205
1283
1843
1328
1141
108
1740
1007
359
590
1686
437
1609
1832
1021
1412
690
1261
1235
813
969
176
280
864
1841
340
1555
1492
1763
764
936
605
313
1315
1857
172
1515
