131
91
56
197
101
170
13
174
14
44
183
36
152
135
140
55
61
196
138
175
68
104
142
42
11
7
19
197
47
70
104
170
106
59
156
176
38
31
199
37
13
34
191
146
21
30
30
119
195
183
179
19
131
130
46
31
162
142
12
47
186
72
83
158
48
94
163
91
27
115
29
186
100
17
90
120
30
73
13
165
76
160
92
128
129
118
177
150
62
63
1
144
195
0
75
36
25
27
157
29
127
136
49
75
66
25
50
15
99
1
95
73
141
10
54
190
3
10
117
43
18
177
93
173
62
96
129
198
60
94
178
98
161
78
32
78
146
16
65
57
158
137
198
176
193
52
110
0
138
172
134
92
145
4
88
126
135
72
68
192
63
93
136
84
160
23
178
190
19
126
166
131
21
144
51
28
153
170
105
22
14
181
85
5
82
105
143
21
29
139
137
89
117
121
71
102
5
148
198
37
164
139
22
68
131
14
35
8
76
40
120
38
55
107
135
145
77
154
160
132
177
65
66
5
195
61
122
85
3
27
162
152
110
193
199
163
18
74
179
29
126
57
49
145
6
144
80
34
101
84
176
191
20
159
64
164
180
94
172
84
152
116
146
96
82
77
88
81
85
114
142
8
191
113
85
70
31
33
188
74
154
39
104
167
8
180
107
11
112
185
48
7
60
158
169
185
147
119
147
161
129
32
5
43
4
65
191
134
36
24
119
2
42
39
169
126
167
179
133
54
58
123
28
26
182
77
80
79
48
67
172
17
40
132
27
195
103
13
115
153
157
155
3
199
116
150
193
137
177
101
2
164
116
23
12
158
186
109
59
4
143
33
130
152
47
59
91
4
34
132
134
147
11
63
34
17
106
89
151
141
160
166
57
196
81
40
18
150
155
97
60
108
181
63
39
39
25
118
44
78
143
96
124
65
76
90
51
40
26
165
174
112
19
72
20
173
74
171
120
24
181
71
181
64
60
98
43
110
35
109
82
122
161
83
175
25
80
45
131
3
176
155
140
42
54
103
124
30
86
103
153
59
64
196
57
49
112
69
185
161
93
197
26
44
127
23
194
127
56
141
170
104
111
127
86
199
33
159
194
33
162
132
157
194
136
137
197
2
158
109
103
67
166
75
165
189
130
44
157
186
134
176
149
93
154
149
122
132
121
45
159
45
63
172
52
93
125
166
27
46
121
7
125
42
70
183
143
88
148
185
98
39
189
101
105
184
196
53
107
120
69
15
113
32
115
70
40
169
174
18
87
85
163
10
21
195
121
178
77
99
72
108
115
47
35
122
80
178
145
133
24
84
168
94
92
16
66
53
109
117
192
1
67
73
66
167
113
70
150
46
11
165
66
35
9
174
41
95
107
90
140
114
125
29
34
22
191
125
155
20
96
86
160
183
64
46
149
89
168
128
22
36
54
187
23
102
128
45
182
95
188
71
10
12
51
81
7
75
118
56
14
71
53
111
173
32
114
184
162
175
119
156
16
152
143
174
79
127
48
171
177
130
62
3
155
4
118
148
164
194
111
114
0
198
133
57
193
97
169
52
58
156
136
162
151
49
38
68
55
113
142
175
15
179
12
129
37
62
6
16
99
137
42
9
54
44
6
76
59
138
16
58
56
86
97
19
87
100
136
98
134
105
180
20
198
61
62
60
186
20
18
179
140
92
189
149
165
184
119
36
87
9
187
69
190
33
118
53
52
90
96
88
173
151
106
24
31
105
91
139
1
41
130
28
124
73
141
187
123
135
50
99
65
138
87
182
79
68
102
146
95
170
89
83
159
49
168
181
0
45
169
168
50
6
128
129
71
103
123
154
98
163
123
28
190
110
124
184
117
69
121
171
104
41
109
9
188
154
149
79
55
78
110
159
41
192
83
89
145
26
151
116
139
153
52
97
92
2
100
101
67
133
12
100
77
140
193
86
30
58
175
64
32
168
114
197
7
106
128
17
182
11
189
78
37
190
50
108
120
126
1
48
124
192
23
90
8
43
61
138
38
187
194
53
28
113
116
156
157
102
95
2
178
147
183
167
148
112
79
43
111
72
106
82
100
182
69
0
8
108
81
196
123
148
15
108
58
46
184
75
189
99
167
51
74
102
112
117
67
51
135
171
107
21
14
94
37
41
188
50
171
35
38
83
163
192
180
82
6
47
156
55
139
146
15
142
91
81
166
97
122
61
26
153
84
180
24
172
199
115
151
87
10
9
17
133
74
161
144
173
164
88
31
141
13
25
80
188
144
185
5
150
125
76
73
22
56
147
187
111
